------------------
Parameters [tc: 0 ]
day	 Daily Return	 Total return
1 	 1.01042970379641 	 1.01042970379641
2 	 1.01424442609414 	 1.02482269503546
3 	 0.996132709139019 	 1.02085940759282
4 	 1.05864323661626 	 1.08072590738423
5 	 1.02065238370971 	 1.10304547350855
6 	 1.04009077155825 	 1.14726741760534
7 	 0.972727272727273 	 1.1159783062161
8 	 0.982429906542056 	 1.09637046307885
9 	 1.0072298325723 	 1.10429703796412
10 	 1.04835663014734 	 1.15769712140175
11 	 1.0990990990991 	 1.27242386316229
12 	 0.985737704918033 	 1.25427617855653
13 	 1.00715117245967 	 1.26324572382144
14 	 1.0392998678996 	 1.31289111389237
15 	 0.982046393390531 	 1.28931998331247
16 	 1.03543116000647 	 1.33500208594076
17 	 1.0078125 	 1.34543178973717
18 	 0.982635658914729 	 1.32206925323321
19 	 0.963395392868413 	 1.27367542761786
20 	 1.02161808057648 	 1.30120984564038
21 	 0.974831676819493 	 1.26846057571965
22 	 1.01858246998849 	 1.29203170629954
23 	 1.01000968679367 	 1.30496453900709
24 	 1.03404731457801 	 1.34939507717981
25 	 0.962281650950688 	 1.29849812265332
26 	 0.949879518072289 	 1.2334167709637
27 	 0.993573482157957 	 1.22549019607843
28 	 0.990468085106383 	 1.21380892782645
29 	 1.00326516583605 	 1.21777221526909
30 	 1.00736553614251 	 1.226741760534
31 	 0.97449413365074 	 1.19545264914476
32 	 0.975047984644914 	 1.16562369628703
33 	 1.00662133142448 	 1.17334167709637
34 	 0.981155555555556 	 1.15123070504798
35 	 1.02826599021562 	 1.18377138089278
36 	 1.0495154185022 	 1.24238631622862
37 	 0.996977837474815 	 1.23863162286191
38 	 0.993600538901987 	 1.23070504797664
39 	 1.00610169491525 	 1.23821443471005
40 	 0.955020215633423 	 1.18251981643721
41 	 1.01322984653378 	 1.19816437213183
42 	 1.03481894150418 	 1.23988318731748
43 	 1.02102960969044 	 1.26595744680851
44 	 0.976272862086011 	 1.23591989987484
45 	 0.956793248945148 	 1.18251981643721
46 	 0.916210971952725 	 1.0834376303713
47 	 1.04331921447824 	 1.13037129745515
48 	 0.99649381804761 	 1.12640801001252
49 	 0.994259259259259 	 1.11994159365874
50 	 1.0162041348482 	 1.1380892782645
51 	 0.99541788856305 	 1.13287442636629
52 	 0.970171239182471 	 1.09908218606592
53 	 0.950085405200228 	 1.04422194409679
54 	 1.078705553336 	 1.12640801001252
55 	 1.04740740740741 	 1.17980809345015
56 	 0.991159830268741 	 1.16937838965373
57 	 1.03906528719229 	 1.21506049228202
58 	 0.95381974248927 	 1.15894868585732
59 	 0.996760259179266 	 1.15519399249061
60 	 0.987540628385699 	 1.14080100125156
61 	 1.02047906381423 	 1.16416353775553
62 	 0.956459415875291 	 1.11347517730496
63 	 0.973023604346197 	 1.0834376303713
64 	 1.09260685406238 	 1.18377138089278
65 	 0.990132158590308 	 1.1720901126408
66 	 1.01708489054992 	 1.19211514392991
67 	 1.04426946631671 	 1.24488944513976
68 	 1.00603217158177 	 1.25239883187317
69 	 1.03564290473018 	 1.29703796412182
70 	 0.97764554519138 	 1.26804338756779
71 	 1.01135055107748 	 1.28243637880684
72 	 1.0642485361093 	 1.3648310387985
73 	 1.03988995873453 	 1.41927409261577
74 	 1.01410934744268 	 1.43929912390488
75 	 0.989130434782609 	 1.42365456821026
76 	 0.98974358974359 	 1.40905298289529
77 	 1.03168023686158 	 1.45369211514393
78 	 0.991964413832688 	 1.44201084689195
79 	 0.970924345436135 	 1.40008343763037
80 	 1.00938617401669 	 1.41322486441385
81 	 1.03571955719557 	 1.46370463078849
82 	 0.994157047171156 	 1.45515227367543
83 	 0.982368119266055 	 1.42949520233625
84 	 1.03239457172041 	 1.47580308719232
85 	 1.00890459363958 	 1.4889445139758
86 	 1.00952647800504 	 1.50312891113892
87 	 0.976963641409936 	 1.46850229453483
88 	 0.994318181818182 	 1.4601585314977
89 	 0.991428571428572 	 1.44764288694201
90 	 0.990201729106628 	 1.43345848977889
91 	 0.993451688009313 	 1.42407175636212
92 	 1.01303647282848 	 1.44263662911973
93 	 0.985685367264315 	 1.42198581560284
94 	 0.998826463253631 	 1.42031706299541
95 	 1.01028051108827 	 1.43491864831039
96 	 1.02209623491787 	 1.46662494785148
97 	 0.991324135969279 	 1.45390070921986
98 	 1.02898134863702 	 1.49603671255736
99 	 0.988706079196877 	 1.47914059240717
100 	 0.991961641517417 	 1.46725073007926
101 	 0.983650838783054 	 1.44326241134752
102 	 0.999855470443706 	 1.44305381727159
103 	 1.01676785198034 	 1.46725073007926
104 	 1.00625533124822 	 1.47642886942011
105 	 1.02571347838372 	 1.51439299123905
106 	 0.996694214876033 	 1.50938673341677
107 	 1.01824212271973 	 1.5369211514393
108 	 0.993349619978284 	 1.52670004171881
109 	 0.985380516463998 	 1.50438047559449
110 	 0.999445368829728 	 1.50354609929078
111 	 0.980715871254162 	 1.47455152273675
112 	 0.974678172301599 	 1.4372131831456
113 	 0.987227866473149 	 1.41885690446391
114 	 0.983240223463687 	 1.39507717980809
115 	 1.00657894736842 	 1.40425531914893
116 	 1.03104575163399 	 1.44785148101794
117 	 1.00619507275609 	 1.45682102628285
118 	 0.985538373424971 	 1.4357530246141
119 	 1.00029057097196 	 1.43617021276596
120 	 1.01873638344227 	 1.4630788485607
121 	 1.01425719988594 	 1.48393825615352
122 	 1.02249086308687 	 1.51731330830204
123 	 1.00357437448447 	 1.52273675427618
124 	 0.967123287671233 	 1.4726741760534
125 	 0.998158640226629 	 1.46996245306633
126 	 0.972186746133106 	 1.4290780141844
127 	 0.964238797255875 	 1.37797246558198
128 	 0.994399031183772 	 1.37025448477263
129 	 0.981580149185569 	 1.34501460158531
130 	 1.03132754342432 	 1.38715060492282
131 	 1.07669172932331 	 1.49353358364622
132 	 0.996368715083799 	 1.48811013767209
133 	 0.9977572189515 	 1.48477263245724
134 	 1.00899128968811 	 1.49812265331664
135 	 0.982595377332219 	 1.47204839382561
136 	 1.02834065466912 	 1.51376720901126
137 	 0.953286482017363 	 1.44305381727159
138 	 0.969788956345765 	 1.39945765540259
139 	 0.988522879713817 	 1.38339591155611
140 	 1.01749095295537 	 1.40759282436379
141 	 0.986810906935388 	 1.38902795160617
142 	 0.98318065775642 	 1.36566541510221
143 	 1.00504047655415 	 1.37254901960784
144 	 1.00592705167173 	 1.38068418856904
145 	 1.00423024626076 	 1.38652482269503
146 	 1.01474349330525 	 1.406967042136
147 	 0.991697553743514 	 1.39528577388402
148 	 0.988638062490656 	 1.37943262411347
149 	 1.0033267805837 	 1.3840216937839
150 	 0.977543330821402 	 1.35294117647059
151 	 1.00231267345051 	 1.35607008760951
152 	 1.00784494693124 	 1.36670838548185
153 	 1.00473137973138 	 1.37317480183563
154 	 0.982682667476834 	 1.34939507717981
155 	 0.976967073736281 	 1.3183145598665
156 	 1.02246835443038 	 1.34793491864831
157 	 0.957598266790467 	 1.29078014184397
158 	 1.01325145442792 	 1.30788485607009
159 	 0.969377990430622 	 1.26783479349186
160 	 0.998025666337611 	 1.26533166458072
161 	 0.974612594790636 	 1.23320817688777
162 	 1.0495602165088 	 1.29432624113475
163 	 1.00419016921837 	 1.29974968710888
164 	 0.974803402343123 	 1.26700041718815
165 	 0.991932828449127 	 1.25677930746767
166 	 0.9450622406639 	 1.18773466833542
167 	 1.00193185809624 	 1.19002920317063
168 	 0.983347940403155 	 1.17021276595745
169 	 1.02923351158645 	 1.20442219440968
170 	 0.970211291998614 	 1.16854401335002
171 	 0.988932524098536 	 1.15561118064247
172 	 1.03935018050542 	 1.20108468919483
173 	 0.918895449808961 	 1.10367125573634
174 	 1.02664902664903 	 1.13308302044222
175 	 0.991715758468336 	 1.12369628702545
176 	 0.942268423983664 	 1.05882352941176
177 	 0.979314420803783 	 1.0369211514393
178 	 1.04626835646751 	 1.08489778890279
179 	 0.986348779080946 	 1.07008760951189
180 	 0.979922027290448 	 1.04860241969128
181 	 0.993833300179033 	 1.0421360033375
182 	 1.0242193755004 	 1.06737588652482
183 	 1.01211647449678 	 1.08030871923237
184 	 1.02432902104653 	 1.10659157279933
185 	 1.05994344957587 	 1.17292448894451
186 	 1.00373466121288 	 1.17730496453901
187 	 1.02267895109851 	 1.20400500625782
188 	 1.00554400554401 	 1.21068001668753
189 	 0.940041350792557 	 1.1380892782645
190 	 1.01741202346041 	 1.15790571547768
191 	 1.01459196541164 	 1.17480183562787
192 	 1.00106534090909 	 1.17605340008344
193 	 1.02979780063852 	 1.21109720483938
194 	 1.00671718911471 	 1.21923237380058
195 	 0.958597091531223 	 1.16875260742595
196 	 1.01285025878993 	 1.18377138089278
197 	 1.02026431718062 	 1.20775969962453
198 	 1.03903281519862 	 1.25490196078431
199 	 1.00448803191489 	 1.26053400083438
200 	 1.01472778421314 	 1.27909887359199
201 	 1.02022178734507 	 1.30496453900709
202 	 0.994245524296675 	 1.29745515227368
203 	 0.958842443729903 	 1.24405506883604
204 	 0.987256874580818 	 1.2282019190655
205 	 0.987601902173913 	 1.21297455152274
206 	 1.06345657781599 	 1.28994576554026
207 	 0.992884864165589 	 1.28076762619942
208 	 1.03045602605863 	 1.319774718398
209 	 1.02386597123439 	 1.35127242386316
210 	 0.991818462488422 	 1.34021693783897
211 	 1.00264591439689 	 1.34376303712975
212 	 1.01226327227569 	 1.36024196912808
213 	 1.00889434135869 	 1.37234042553191
214 	 1.03207174342605 	 1.41635377555277
215 	 0.971281296023564 	 1.37567793074677
216 	 1.00257771038666 	 1.37922403003755
217 	 0.994404113732607 	 1.3715060492282
218 	 1.01201520912548 	 1.38798498122653
219 	 0.982867448151488 	 1.36420525657071
220 	 0.979357798165137 	 1.3360450563204
221 	 1.01046057767369 	 1.35002085940759
222 	 1.00648949320148 	 1.35878181059658
223 	 0.978507829290758 	 1.32957863996663
224 	 0.985252588641355 	 1.30997079682937
225 	 1.03248407643312 	 1.35252398831873
226 	 0.990283775447255 	 1.33938256153525
227 	 1.00872138296216 	 1.35106382978723
228 	 1.01899027327466 	 1.37672090112641
229 	 1.03181818181818 	 1.42052565707134
230 	 1.00807635829662 	 1.43199833124739
231 	 0.988055353241078 	 1.41489361702128
232 	 0.988648090815273 	 1.3988318731748
233 	 1.00387712496272 	 1.40425531914894
234 	 1.00935828877005 	 1.41739674593242
235 	 0.975275938189845 	 1.38235294117647
236 	 1.01765504753282 	 1.40675844806008
237 	 1.02283511269276 	 1.43888193575302
238 	 1.0042041171354 	 1.44493116395494
239 	 1.00317597805688 	 1.44952023362537
240 	 0.960713771765722 	 1.39257405089695
241 	 1.01168364289994 	 1.40884438881936
242 	 0.996002368966538 	 1.40321234876929
243 	 1.00609484168277 	 1.41176470588235
244 	 1.00251182033097 	 1.41531080517313
245 	 1.0002947678703 	 1.41572799332499
246 	 0.976130838367467 	 1.38193575302461
247 	 1.01192452830189 	 1.39841468502295
248 	 1.03266706443914 	 1.44409678765123
249 	 0.995233280369782 	 1.4372131831456
250 	 0.995065312046444 	 1.43012098456404
251 	 1.01196032672112 	 1.44722569879015
252 	 0.990343038339579 	 1.43324989570296
253 	 1.00829573570077 	 1.44513975803087
254 	 0.990329099307159 	 1.43116395494368
255 	 0.9979594811252 	 1.42824363788068
256 	 1.01577333138601 	 1.45077179808093
257 	 0.975844716031632 	 1.41572799332499
258 	 1.029320760277 	 1.45723821443471
259 	 0.946178070426567 	 1.37880684188569
260 	 0.975189107413011 	 1.34459741343346
261 	 0.988830282345641 	 1.32957863996662
262 	 1.01349231251961 	 1.34751773049645
263 	 0.987616099071208 	 1.33083020442219
264 	 1.00031347962382 	 1.33124739257405
265 	 0.976496396114071 	 1.29995828118481
266 	 1.00850449293967 	 1.31101376720901
267 	 1.01368337311058 	 1.32895285773884
268 	 0.983519070789515 	 1.30705047976637
269 	 0.975422917331631 	 1.27492699207342
270 	 1.00049083769634 	 1.27555277430121
271 	 0.987735077677841 	 1.25990821860659
272 	 0.990066225165563 	 1.2473925740509
273 	 1.01421404682274 	 1.2651230705048
274 	 1.00791426215993 	 1.27513558614935
275 	 0.983805005725503 	 1.25448477263246
276 	 1.02793481875624 	 1.2895285773884
277 	 0.997735360724685 	 1.28660826032541
278 	 0.976491569390402 	 1.25636211931581
279 	 0.978416071725054 	 1.22924488944514
280 	 1.01646020702528 	 1.24947851481018
281 	 0.969115191986644 	 1.21088861076345
282 	 0.998966408268734 	 1.20963704630788
283 	 1.01879634419728 	 1.23237380058406
284 	 0.991029113067028 	 1.22131831455987
285 	 0.997267292912041 	 1.21798080934501
286 	 0.99914368898784 	 1.21693783896537
287 	 1.05193692149469 	 1.28014184397163
288 	 1.03144859051654 	 1.32040050062578
289 	 0.99652448657188 	 1.31581143095536
290 	 1.00871908687381 	 1.32728410513141
291 	 0.985698569856986 	 1.30830204422194
292 	 1.01961096938776 	 1.33395911556112
293 	 1.00609851446443 	 1.34209428452232
294 	 0.972023624494871 	 1.30454735085523
295 	 0.99296450271826 	 1.29536921151439
296 	 0.985829307568438 	 1.27701293283271
297 	 1.02074485462267 	 1.30350438047559
298 	 0.994399103856617 	 1.2962035878181
299 	 1.00144834245253 	 1.29808093450146
300 	 0.965772135625904 	 1.25365039632874
301 	 1.02096505823627 	 1.2799332498957
302 	 0.985169491525424 	 1.26095118898623
303 	 0.979818031430935 	 1.23550271172299
304 	 0.997467499577917 	 1.23237380058406
305 	 1.00609343263372 	 1.23988318731748
306 	 1.01463660834455 	 1.25803087192324
307 	 1.00116066987233 	 1.25949103045473
308 	 0.948989731699238 	 1.19524405506883
309 	 0.983071553228621 	 1.17501042970379
310 	 1.00213030356826 	 1.17751355861493
311 	 0.989725420726306 	 1.1654151022111
312 	 1.02416323608377 	 1.19357530246141
313 	 0.958930443900734 	 1.14455569461827
314 	 1.0260616001458 	 1.17438464747601
315 	 0.973179396092362 	 1.14288694201085
316 	 1.02080671655412 	 1.16666666666667
317 	 0.995708921866619 	 1.16166040884439
318 	 1.03806787574071 	 1.20588235294118
319 	 0.979588306521363 	 1.18126825198164
320 	 0.995408793925481 	 1.17584480600751
321 	 1.01472414404825 	 1.19315811430955
322 	 0.971853146853147 	 1.15957446808511
323 	 0.97121784493614 	 1.12619941593659
324 	 0.982033709946286 	 1.10596579057155
325 	 1.01339117314221 	 1.12077596996245
326 	 0.958496184626838 	 1.07425949103045
327 	 1.01436893203883 	 1.08969545264914
328 	 1.00038284839204 	 1.090112640801
329 	 1.00937619594336 	 1.10033375052148
330 	 0.970805687203791 	 1.06821026282853
331 	 0.967779730521383 	 1.03379224030037
332 	 0.981033091202583 	 1.01418439716312
333 	 1.01748251748252 	 1.03191489361702
334 	 1.11117849201536 	 1.14664163537755
335 	 0.948153538293615 	 1.087192323738
336 	 0.960283960092095 	 1.04401335002086
337 	 1.05274725274725 	 1.09908218606591
338 	 1.04156386411084 	 1.1447642886942
339 	 0.997631195335277 	 1.14205256570713
340 	 1.01808219178082 	 1.16270337922403
341 	 1.00520272694654 	 1.16875260742595
342 	 0.963947885061574 	 1.12661660408844
343 	 0.966302536567302 	 1.0886524822695
344 	 1.02874113814907 	 1.11994159365874
345 	 1.02104674986031 	 1.14351272423863
346 	 0.971543232396935 	 1.11097204839382
347 	 0.982350732256853 	 1.09136420525657
348 	 0.994839449541284 	 1.08573216520651
349 	 1.01133525456292 	 1.09803921568627
350 	 0.967135258358663 	 1.06195244055069
351 	 0.970732665488116 	 1.03087192323738
352 	 1.01133144475921 	 1.04255319148936
353 	 1.03361344537815 	 1.07759699624531
354 	 1.00464576074332 	 1.08260325406758
355 	 1.00154142581888 	 1.08427200667501
356 	 1.01616006156214 	 1.10179390905298
357 	 0.995266944339265 	 1.09657905715478
358 	 1.05649610043751 	 1.15853149770546
359 	 0.976233345336694 	 1.13099707968294
360 	 1.01899668019181 	 1.15248226950355
361 	 1.00778280542986 	 1.16145181476846
362 	 1.00556752873563 	 1.16791823112224
363 	 0.970887658510448 	 1.13391739674593
364 	 0.995217071376012 	 1.1284939507718
365 	 0.966358595194085 	 1.09052982895286
366 	 1.03596021423106 	 1.12974551522737
367 	 0.977658788774003 	 1.10450563204005
368 	 1.02228517469311 	 1.12911973299958
369 	 1.0145944947349 	 1.14559866499791
370 	 0.995994173343044 	 1.14100959532749
371 	 0.962705667276051 	 1.09845640383813
372 	 0.97683251044436 	 1.07300792657488
373 	 1.0200233281493 	 1.09449311639549
374 	 1.04535925290642 	 1.14413850646642
375 	 0.964813126709207 	 1.10387984981226
376 	 1.00547996976568 	 1.10992907801418
377 	 0.981770343920316 	 1.08969545264914
378 	 1.01282542113323 	 1.10367125573634
379 	 0.98015498015498 	 1.08176887776387
380 	 0.998843038951022 	 1.0805173133083
381 	 0.989382239382239 	 1.06904463913225
382 	 1.01463414634146 	 1.08468919482687
383 	 0.982884615384615 	 1.06612432206925
384 	 0.969673253766386 	 1.03379224030037
385 	 0.934422921711057 	 0.965999165623695
386 	 0.928741092636579 	 0.897163120567375
387 	 1.07486631016043 	 0.964330413016269
388 	 0.926454683106208 	 0.893408427200667
389 	 1.05883726360028 	 0.945974134334584
390 	 1.06394707828004 	 1.00646641635377
391 	 0.996891191709845 	 1.00333750521485
392 	 0.997505197505197 	 1.00083437630371
393 	 0.953522300958733 	 0.954317897371714
394 	 0.970710382513661 	 0.926366291197329
395 	 0.990542670569692 	 0.917605340008343
396 	 1.03819049784042 	 0.952649144764288
397 	 1.03109262097657 	 0.982269503546099
398 	 1.03864939477596 	 1.02023362536504
399 	 0.98384788386833 	 1.00375469336671
400 	 1.00727348295927 	 1.0110554860242
401 	 0.970703527955436 	 0.981435127242385
402 	 1.05653560042508 	 1.0369211514393
403 	 1.0012070006035 	 1.03817271589487
404 	 1.00462125778581 	 1.04297037964122
405 	 1.04 	 1.08468919482687
406 	 0.981538461538461 	 1.06466416353775
407 	 1.02429467084639 	 1.09052982895286
408 	 1.0181713848508 	 1.11034626616604
409 	 0.981025737366147 	 1.08927826449729
410 	 0.997702029873612 	 1.08677513558615
411 	 0.975815738963532 	 1.06049228201919
412 	 0.971282454760031 	 1.03003754693367
413 	 1.02430133657351 	 1.05506883604506
414 	 0.970344009489917 	 1.02377972465582
415 	 0.958027709861451 	 0.980809345014601
416 	 1.02530837941302 	 1.00563204005006
417 	 0.952292055590126 	 0.957655402586565
418 	 1.04160313657155 	 0.99749687108886
419 	 1.01840234211627 	 1.01585314977055
420 	 1.0223819301848 	 1.03858990404672
421 	 0.975697931311508 	 1.01335002085941
422 	 0.97056401811445 	 0.983521068001667
423 	 1.01611876988335 	 0.999374217772214
424 	 0.997286579002296 	 0.996662494785147
425 	 0.989744663038928 	 0.986441385064663
426 	 1.00972721505604 	 0.996036712557362
427 	 0.98848167539267 	 0.984564038381309
428 	 1.00550847457627 	 0.989987484355443
429 	 0.953013063632533 	 0.943471005423445
430 	 1.00906478001327 	 0.952023362536503
431 	 1.01906222611744 	 0.97017104714226
432 	 0.993334766716835 	 0.963704630788484
433 	 0.979437229437229 	 0.943888193575301
434 	 0.966629834254144 	 0.912390488110136
435 	 1.05692729766804 	 0.964330413016269
436 	 0.986588795154662 	 0.951397580308718
437 	 0.980267485200614 	 0.932624113475176
438 	 0.978975620666518 	 0.913016270337921
439 	 1.00639707562257 	 0.918856904463912
440 	 1.02133938706016 	 0.938464747601167
441 	 0.977772838408535 	 0.917605340008343
442 	 1.05433052966583 	 0.967459324155193
443 	 1.05368693402329 	 1.01939924906133
444 	 1.0085942295887 	 1.02816020025031
445 	 1.06086427267194 	 1.09073842302878
446 	 0.964046662841843 	 1.05152273675427
447 	 1.00714144019044 	 1.05903212348769
448 	 1.04687807760488 	 1.10867751355861
449 	 0.987958607714017 	 1.09532749269921
450 	 0.984003047038659 	 1.07780559032123
451 	 1.02961099283917 	 1.10972048393825
452 	 0.96296992481203 	 1.06862745098039
453 	 1.02830372828421 	 1.09887359198999
454 	 0.986142748671223 	 1.08364622444722
455 	 1.00230991337825 	 1.08614935335836
456 	 1.01997311311696 	 1.1078431372549
457 	 1.00677838448503 	 1.11535252398832
458 	 0.991210024312699 	 1.10554860241969
459 	 1.05849056603774 	 1.17021276595745
460 	 1.01033868092692 	 1.18231122236128
461 	 1.00617501764291 	 1.18961201501877
462 	 0.98211467648606 	 1.16833541927409
463 	 0.983752901267631 	 1.14935335836462
464 	 0.977495462794918 	 1.12348769294952
465 	 1.01206832528778 	 1.13704630788485
466 	 1.01559346908824 	 1.15477680433875
467 	 1.0294436416185 	 1.18877763871506
468 	 0.994735918582207 	 1.18251981643721
469 	 0.985182571882166 	 1.16499791405924
470 	 0.981736794986571 	 1.14372131831456
471 	 1.03264636148094 	 1.18105965790571
472 	 1.02154715648181 	 1.20650813516896
473 	 1.00656984785615 	 1.21443471005423
474 	 1.000171762281 	 1.21464330413016
475 	 0.977159539756139 	 1.1869002920317
476 	 1.0207381370826 	 1.21151439299124
477 	 0.993112947658402 	 1.20317062995411
478 	 1.000173370319 	 1.20337922403004
479 	 0.983012653839487 	 1.18293700458907
480 	 0.997002292364662 	 1.17939090529829
481 	 0.978776087725504 	 1.1543596161869
482 	 1.00234911456451 	 1.15707133917397
483 	 0.965026140255994 	 1.11660408844389
484 	 1.00896693442929 	 1.12661660408844
485 	 1.01203480836882 	 1.14017521902378
486 	 0.991035492133187 	 1.12995410930329
487 	 0.969171127930589 	 1.09511889862328
488 	 1.03771428571429 	 1.13642052565707
489 	 0.997797356828194 	 1.13391739674593
490 	 0.984731420161884 	 1.11660408844389
491 	 0.992153932374369 	 1.1078431372549
492 	 0.998681980794577 	 1.1063829787234
493 	 1.01809954751131 	 1.12640801001251
494 	 0.996666666666667 	 1.12265331664581
495 	 0.992010405053883 	 1.11368377138089
496 	 0.992133358306799 	 1.1049228201919
497 	 0.995846705682462 	 1.10033375052148
498 	 0.980094786729858 	 1.07843137254902
499 	 1.03907156673114 	 1.12056737588652
500 	 1.00130305286672 	 1.12202753441802
501 	 1.01821899981409 	 1.14246975385899
502 	 1.01880591564725 	 1.1639549436796
503 	 0.972043010752688 	 1.13141426783479
504 	 1.02894542772861 	 1.16416353775553
505 	 1.00197097294392 	 1.16645807259074
506 	 1.00840486409156 	 1.17626199415936
507 	 1.01028551161553 	 1.1883604505632
BEST(tc= 0  ,Final return:  1.1883604505632
------------------
