------------------
Parameters [tc: 0 ]
day	 Daily Return	 Total return
1 	 0.973005398920216 	 0.973005398920216
2 	 1.00184956843403 	 0.974805038992201
3 	 0.993230769230769 	 0.968206358728254
4 	 1.00247831474597 	 0.970605878824235
5 	 0.997527812113721 	 0.968206358728254
6 	 0.990706319702602 	 0.959208158368326
7 	 0.99249530956848 	 0.952009598080384
8 	 1.00504095778198 	 0.956808638272345
9 	 1.02633228840125 	 0.982003599280144
10 	 1 	 0.982003599280144
11 	 0.99083689676237 	 0.973005398920216
12 	 0.995067817509248 	 0.968206358728254
13 	 0.980793060718711 	 0.949610077984403
14 	 0.983575489576753 	 0.934013197360528
15 	 0.992292870905588 	 0.926814637072585
16 	 0.975404530744337 	 0.904019196160768
17 	 1 	 0.904019196160768
18 	 1.02521566025216 	 0.926814637072585
19 	 0.987702265372168 	 0.915416916616676
20 	 1 	 0.915416916616676
21 	 0.99213630406291 	 0.908218356328734
22 	 1.00528401585205 	 0.913017396520695
23 	 1 	 0.913017396520695
24 	 0.954664914586071 	 0.871625674865027
25 	 1.00550584996559 	 0.876424715056988
26 	 1.02121834360027 	 0.895020995800839
27 	 1.0073726541555 	 0.901619676064787
28 	 1 	 0.901619676064787
29 	 1 	 0.901619676064787
30 	 1 	 0.901619676064787
31 	 1 	 0.901619676064787
32 	 1 	 0.901619676064787
33 	 1 	 0.901619676064787
34 	 1 	 0.901619676064787
35 	 1.01264138389887 	 0.913017396520695
36 	 1 	 0.913017396520695
37 	 1.00525624178712 	 0.917816436712657
38 	 0.992156862745098 	 0.910617876424715
39 	 1 	 0.910617876424715
40 	 1.01251646903821 	 0.922015596880624
41 	 1.00260247234873 	 0.924415116976605
42 	 1.00259571706684 	 0.926814637072585
43 	 1.00776699029126 	 0.934013197360528
44 	 1.01220295439949 	 0.945410917816436
45 	 1.00444162436548 	 0.949610077984403
46 	 1 	 0.949610077984403
47 	 0.997473152242577 	 0.947210557888422
48 	 0.990500316656112 	 0.938212357528494
49 	 0.992966751918159 	 0.931613677264547
50 	 0.992273019961365 	 0.924415116976605
51 	 1.01232965606749 	 0.935812837432514
52 	 1.01730769230769 	 0.952009598080384
53 	 1.00252047889099 	 0.954409118176365
54 	 1.00251414204903 	 0.956808638272346
55 	 1.0025078369906 	 0.959208158368327
56 	 0.975609756097561 	 0.935812837432514
57 	 0.992948717948718 	 0.929214157168566
58 	 0.997417688831504 	 0.926814637072586
59 	 1.00258899676375 	 0.929214157168566
60 	 1.00516462233699 	 0.934013197360528
61 	 0.997430956968529 	 0.931613677264547
62 	 1 	 0.931613677264547
63 	 0.997424339987122 	 0.929214157168566
64 	 1.0025823111685 	 0.931613677264547
65 	 1 	 0.931613677264547
66 	 1.01223438506117 	 0.943011397720456
67 	 0.997455470737913 	 0.940611877624475
68 	 0.994897959183674 	 0.935812837432514
69 	 1.01987179487179 	 0.954409118176365
70 	 1.00502828409805 	 0.959208158368326
71 	 1.01188242651657 	 0.970605878824235
72 	 0.997527812113721 	 0.968206358728254
73 	 1 	 0.968206358728254
74 	 1 	 0.968206358728254
75 	 0.962205700123916 	 0.931613677264547
76 	 1.00708306503542 	 0.938212357528494
77 	 1.01470588235294 	 0.952009598080384
78 	 0.988027725267801 	 0.940611877624475
79 	 1 	 0.940611877624475
80 	 1.01466836734694 	 0.954409118176365
81 	 1 	 0.954409118176365
82 	 0.990571967316153 	 0.945410917816437
83 	 1.01459390862944 	 0.959208158368326
84 	 0.975609756097561 	 0.935812837432513
85 	 1.01025641025641 	 0.945410917816436
86 	 0.99492385786802 	 0.940611877624475
87 	 0.978316326530612 	 0.920215956808638
88 	 0.986962190352021 	 0.908218356328734
89 	 0.985468956406869 	 0.89502099580084
90 	 1.01474530831099 	 0.908218356328734
91 	 1.00792602377807 	 0.915416916616677
92 	 0.99475753604194 	 0.910617876424715
93 	 1.01251646903821 	 0.922015596880624
94 	 0.998048145738452 	 0.920215956808638
95 	 0.977183833116037 	 0.899220155968806
96 	 1.00800533689126 	 0.906418716256749
97 	 1.03044341495698 	 0.934013197360528
98 	 0.977520873474631 	 0.913017396520696
99 	 0.969776609724047 	 0.885422915416917
100 	 1.00813008130081 	 0.892621475704859
101 	 0.966397849462366 	 0.862627474505099
102 	 1.00556328233658 	 0.867426514697061
103 	 1.01590594744122 	 0.88122375524895
104 	 1.0074880871341 	 0.887822435512898
105 	 1.01283783783784 	 0.899220155968806
106 	 0.981987991994663 	 0.883023395320936
107 	 0.987092391304348 	 0.871625674865027
108 	 1.00550584996559 	 0.876424715056989
109 	 1.00273785078713 	 0.878824235152969
110 	 0.984300341296928 	 0.86502699460108
111 	 1.00485436893204 	 0.869226154769046
112 	 0.995169082125604 	 0.86502699460108
113 	 1.01040221914008 	 0.874025194961008
114 	 1.00549073438572 	 0.878824235152969
115 	 1.00750853242321 	 0.885422915416917
116 	 1 	 0.885422915416917
117 	 1 	 0.885422915416917
118 	 1.04132791327913 	 0.922015596880624
119 	 1.01496421600521 	 0.935812837432514
120 	 1.00769230769231 	 0.943011397720456
121 	 0.997455470737913 	 0.940611877624475
122 	 0.997448979591837 	 0.938212357528494
123 	 1.01214833759591 	 0.949610077984403
124 	 0.990524320909665 	 0.940611877624475
125 	 1.00701530612245 	 0.947210557888422
126 	 0.995566814439519 	 0.943011397720456
127 	 1.00954198473282 	 0.952009598080384
128 	 0.993068683049779 	 0.945410917816437
129 	 1.00444162436548 	 0.949610077984403
130 	 1.00758054327227 	 0.956808638272346
131 	 0.927899686520376 	 0.887822435512898
132 	 1 	 0.887822435512898
133 	 1.00540540540541 	 0.892621475704859
134 	 1.00739247311828 	 0.899220155968806
135 	 1.0126751167445 	 0.910617876424715
136 	 1.00790513833992 	 0.917816436712658
137 	 1.01241830065359 	 0.929214157168566
138 	 1.01226597805036 	 0.940611877624475
139 	 0.992984693877551 	 0.934013197360528
140 	 0.992292870905588 	 0.926814637072586
141 	 1.00258899676375 	 0.929214157168566
142 	 0.997417688831504 	 0.926814637072586
143 	 1.00517799352751 	 0.931613677264547
144 	 0.997424339987122 	 0.929214157168566
145 	 1.0025823111685 	 0.931613677264547
146 	 1.00450740502254 	 0.935812837432514
147 	 0.998076923076923 	 0.934013197360528
148 	 1.00449582530507 	 0.938212357528495
149 	 1.01726342710997 	 0.954409118176365
150 	 1.06976744186047 	 1.02099580083983
151 	 1.06933019976498 	 1.09178164367127
152 	 1.06978021978022 	 1.16796640671866
153 	 1.0688238315357 	 1.24835032993401
154 	 1.06967803940413 	 1.33533293341332
155 	 1.06873315363881 	 1.42711457708458
156 	 1.00168137873056 	 1.42951409718056
157 	 1.0096516995384 	 1.44331133773245
158 	 0.99501246882793 	 1.43611277744451
159 	 1.06892230576441 	 1.53509298140372
160 	 1.06838608831575 	 1.64007198560288
161 	 1.07022677395757 	 1.75524895020996
162 	 0.995898838004101 	 1.74805038992202
163 	 0.930679478380233 	 1.62687462507499
164 	 1.05199115044248 	 1.71145770845831
165 	 1.02418506834911 	 1.75284943011398
166 	 1.06947296372348 	 1.874625074985
167 	 1.00352 	 1.88122375524895
168 	 0.930484693877551 	 1.750449910018
169 	 0.988348183687457 	 1.73005398920216
170 	 0.997226074895978 	 1.7252549490102
171 	 0.938803894297636 	 1.61967606478704
172 	 1.06925925925926 	 1.73185362927415
173 	 1.02251472116384 	 1.77084583083383
174 	 1.03116531165312 	 1.82603479304139
175 	 1 	 1.82603479304139
176 	 1.01281208935611 	 1.84943011397721
177 	 1.0593577684074 	 1.95920815836833
178 	 1.0012247397428 	 1.96160767846431
179 	 0.963608562691131 	 1.89022195560888
180 	 1.02507140590289 	 1.9376124775045
181 	 1.01578947368421 	 1.96820635872826
182 	 0.996647363608656 	 1.96160767846431
183 	 0.988990825688073 	 1.94001199760048
184 	 1.00247371675943 	 1.94481103779244
185 	 1.01819864281308 	 1.98020395920816
186 	 0.992729475916389 	 1.96580683863228
187 	 1 	 1.96580683863228
188 	 0.979554470552334 	 1.9256148770246
189 	 0.981619937694704 	 1.89022195560888
190 	 0.975245953665503 	 1.84343131373725
191 	 0.985681744223885 	 1.81703659268146
192 	 1.02344007923407 	 1.85962807438512
193 	 0.98741935483871 	 1.83623275344931
194 	 1.06925841228357 	 1.96340731853629
195 	 1.04827375496486 	 2.05818836232754
196 	 1.00466336345089 	 2.06778644271146
197 	 1.00232085871773 	 2.07258548290342
198 	 1.06946454413893 	 2.21655668866227
199 	 1.0192151556157 	 2.25914817036593
200 	 0.930961232076474 	 2.10317936412718
201 	 0.954934398174558 	 2.00839832033593
202 	 1.01194743130227 	 2.03239352129574
203 	 1.04191263282172 	 2.11757648470306
204 	 0.989801699716714 	 2.09598080383923
205 	 0.940183171150544 	 1.97060587882424
206 	 0.990563165905632 	 1.95200959808039
207 	 1.0119852489244 	 1.9754049190162
208 	 1.00971758275129 	 1.99460107978404
209 	 1 	 1.99460107978404
210 	 0.990375939849624 	 1.9754049190162
211 	 0.991800789553598 	 1.95920815836833
212 	 0.964788732394366 	 1.89022195560888
213 	 0.975245953665503 	 1.84343131373725
214 	 1.01789781972014 	 1.87642471505699
215 	 1.0099104859335 	 1.89502099580084
216 	 0.974992086103197 	 1.84763047390522
217 	 0.975974025974026 	 1.80323935212957
218 	 0.990685296074518 	 1.78644271145771
219 	 1.02384150436535 	 1.82903419316137
220 	 1.02066251229911 	 1.86682663467307
221 	 0.975899742930591 	 1.82183563287343
222 	 0.980572933816266 	 1.78644271145771
223 	 0.984217595701813 	 1.75824835032993
224 	 0.975776185602184 	 1.71565686862628
225 	 1 	 1.71565686862628
226 	 1.02762237762238 	 1.7630473905219
227 	 0.991833957128275 	 1.74865026994601
228 	 1 	 1.74865026994601
229 	 0.997255574614065 	 1.74385122975405
230 	 1.06914344685243 	 1.86442711457708
231 	 1.002574002574 	 1.86922615476905
232 	 0.986200256739409 	 1.84343131373725
233 	 0.976895541815815 	 1.80083983203359
234 	 0.986675549633578 	 1.77684463107379
235 	 1.00540175557056 	 1.78644271145771
236 	 1.02384150436535 	 1.82903419316137
237 	 0.994752377828796 	 1.81943611277744
238 	 0.987141444114738 	 1.79604079184163
239 	 1 	 1.79604079184163
240 	 1.06980627922512 	 1.92141571685663
241 	 1.03808929128942 	 1.99460107978404
242 	 1.00330827067669 	 2.00119976004799
243 	 0.960131894484412 	 1.92141571685663
244 	 1.00343428036216 	 1.92801439712058
245 	 1.00248911014312 	 1.93281343731254
246 	 0.998758535071384 	 1.93041391721656
247 	 0.9816656308266 	 1.89502099580084
248 	 1 	 1.89502099580084
249 	 0.997467553023109 	 1.89022195560888
250 	 1.0352269120914 	 1.95680863827235
251 	 1.00459840588596 	 1.96580683863227
252 	 0.984436985047299 	 1.93521295740852
253 	 0.996280223186609 	 1.92801439712058
254 	 0.991599253266957 	 1.91181763647271
255 	 0.986193912770631 	 1.88542291541692
256 	 0.976455615653834 	 1.84103179364127
257 	 0.972955360052134 	 1.79124175164967
258 	 1.01440053583389 	 1.81703659268146
259 	 1 	 1.81703659268146
260 	 1.01188511059756 	 1.83863227354529
261 	 0.992169657422512 	 1.82423515296941
262 	 0.984544557711279 	 1.79604079184163
263 	 1 	 1.79604079184163
264 	 1.00400801603206 	 1.80323935212957
265 	 1.00898203592814 	 1.81943611277744
266 	 0.991097922848665 	 1.80323935212957
267 	 0.997338656021291 	 1.79844031193761
268 	 0.98032021347565 	 1.7630473905219
269 	 1 	 1.7630473905219
270 	 1.00136100714529 	 1.76544691061788
271 	 0.975874957526334 	 1.72285542891422
272 	 0.987465181058496 	 1.70125974805039
273 	 0.997179125528914 	 1.69646070785843
274 	 0.993281471004243 	 1.68506298740252
275 	 1.00284798860805 	 1.68986202759448
276 	 0.997160099396521 	 1.68506298740252
277 	 1 	 1.68506298740252
278 	 0.997152011391955 	 1.68026394721056
279 	 0.990003570153517 	 1.66346730653869
280 	 1 	 1.66346730653869
281 	 1 	 1.66346730653869
282 	 1 	 1.66346730653869
283 	 1 	 1.66346730653869
284 	 1 	 1.66346730653869
285 	 1 	 1.66346730653869
286 	 0.94590695997115 	 1.57348530293941
287 	 0.997331300038124 	 1.56928614277145
288 	 0.986238532110092 	 1.54769046190762
289 	 0.946511627906977 	 1.46490701859628
290 	 1.004914004914 	 1.47210557888422
291 	 1.06886715566422 	 1.57348530293941
292 	 1.01219977125429 	 1.59268146370726
293 	 1.0030131826742 	 1.59748050389922
294 	 0.993991738640631 	 1.5878824235153
295 	 1.01926709482433 	 1.61847630473905
296 	 1.0177909562639 	 1.64727054589082
297 	 0.988346686088857 	 1.62807438512298
298 	 0.991156963890936 	 1.61367726454709
299 	 0.968029739776952 	 1.5620875824835
300 	 1 	 1.5620875824835
301 	 1.01190476190476 	 1.58068386322735
302 	 0.986717267552182 	 1.55968806238752
303 	 1.04692307692308 	 1.63287342531494
304 	 1.01873622336517 	 1.66346730653869
305 	 1.02416155787955 	 1.70365926814637
306 	 0.990492957746479 	 1.6874625074985
307 	 0.994312122289371 	 1.67786442711458
308 	 0.988559170539864 	 1.65866826634673
309 	 0.987341772151899 	 1.6376724655069
310 	 0.97985347985348 	 1.60467906418716
311 	 0.942429906542056 	 1.5122975404919
312 	 1.0234034113447 	 1.54769046190762
313 	 0.993798449612403 	 1.5380923815237
314 	 1.04914196567863 	 1.61367726454709
315 	 1.03382899628253 	 1.66826634673065
316 	 1.03272204243078 	 1.72285542891422
317 	 1.00800835654596 	 1.73665266946611
318 	 1.02037996545769 	 1.77204559088182
319 	 1.00812457684496 	 1.78644271145771
320 	 1.02249832102082 	 1.82663467306539
321 	 0.990804597701149 	 1.80983803239352
322 	 1 	 1.80983803239352
323 	 1.01325820351342 	 1.83383323335333
324 	 0.997383055282957 	 1.82903419316137
325 	 1 	 1.82903419316137
326 	 1 	 1.82903419316137
327 	 1.0052476221712 	 1.83863227354529
328 	 1.00130505709625 	 1.84103179364127
329 	 1.0218312153796 	 1.88122375524895
330 	 0.998724489795918 	 1.87882423515297
331 	 0.96455938697318 	 1.8122375524895
332 	 1.01456471367097 	 1.83863227354529
333 	 1.02805872756933 	 1.89022195560888
334 	 1.00888606791495 	 1.90701859628074
335 	 0.965397923875433 	 1.84103179364127
336 	 1.00130335614207 	 1.84343131373725
337 	 1.06898795964855 	 1.97060587882424
338 	 1.06971080669711 	 2.10797840431914
339 	 1.05378486055777 	 2.22135572885423
340 	 0.982986767485822 	 2.18356328734253
341 	 1 	 2.18356328734253
342 	 0.979395604395604 	 2.13857228554289
343 	 0.968022440392707 	 2.07018596280744
344 	 1.011301072153 	 2.09358128374325
345 	 1 	 2.09358128374325
346 	 0.978510028653295 	 2.04859028194361
347 	 1.04626647144949 	 2.14337132573485
348 	 0.963616008956059 	 2.06538692261548
349 	 0.991867557362765 	 2.04859028194361
350 	 1.00937042459736 	 2.06778644271146
351 	 0.980562808239048 	 2.02759448110378
352 	 1.0698224852071 	 2.16916616676665
353 	 0.98478982300885 	 2.13617276544691
354 	 0.969109800617804 	 2.07018596280744
355 	 1 	 2.07018596280744
356 	 0.984062590553463 	 2.0371925614877
357 	 0.981448763250883 	 1.999400119976
358 	 0.997599759975998 	 1.99460107978404
359 	 1.0012030075188 	 1.99700059988002
360 	 0.992790627816161 	 1.98260347930414
361 	 0.989409984871407 	 1.96160767846431
362 	 1.00581039755352 	 1.97300539892022
363 	 1.06962602614777 	 2.11037792441512
364 	 1.00767481523593 	 2.12657468506299
365 	 1.01241184767278 	 2.15296940611878
366 	 0.993312900529395 	 2.13857228554289
367 	 0.990182328190743 	 2.11757648470306
368 	 1.00198300283286 	 2.12177564487103
369 	 1.0056545094713 	 2.13377324535093
370 	 1 	 2.13377324535093
371 	 0.992409333708181 	 2.11757648470306
372 	 0.984135977337111 	 2.08398320335933
373 	 1.00805987334485 	 2.10077984403119
374 	 0.975157053112507 	 2.04859028194361
375 	 0.980380673499268 	 2.00839832033593
376 	 1.04121863799283 	 2.09118176364727
377 	 0.998852553069421 	 2.08878224355129
378 	 0.973004020677771 	 2.03239352129574
379 	 0.981404958677686 	 1.99460107978404
380 	 0.976240601503759 	 1.94721055788842
381 	 1.03142329020333 	 2.00839832033593
382 	 1.01642771804062 	 2.04139172165567
383 	 1.01851307669703 	 2.07918416316737
384 	 1.03433352567802 	 2.1505698860228
385 	 1.01199442119944 	 2.17636472705459
386 	 1.00964718853363 	 2.19736052789442
387 	 0.981708981708982 	 2.15716856628674
388 	 1.01223581757508 	 2.18356328734253
389 	 1 	 2.18356328734253
390 	 1.0010989010989 	 2.18596280743851
391 	 0.958836443468716 	 2.09598080383923
392 	 1.01688609044076 	 2.13137372525495
393 	 1.02448634956375 	 2.18356328734253
394 	 0.979395604395604 	 2.13857228554289
395 	 1.02664796633941 	 2.19556088782244
396 	 0.991256830601093 	 2.17636472705459
397 	 1.02921719955899 	 2.23995200959808
398 	 1.03588644884842 	 2.32033593281344
399 	 1.02249224405377 	 2.37252549490102
400 	 1.02781289506953 	 2.43851229754049
401 	 0.992373923739237 	 2.41991601679664
402 	 1.0213187902826 	 2.47150569886023
403 	 1.00582524271845 	 2.48590281943611
404 	 1.0152027027027 	 2.52369526094781
405 	 0.964345139053958 	 2.43371325734853
406 	 0.982499383781119 	 2.39112177564487
407 	 0.992222779729052 	 2.37252549490102
408 	 0.995954487989886 	 2.3629274145171
409 	 1.004061944656 	 2.37252549490102
410 	 1.0417193426043 	 2.47150569886023
411 	 0.975242718446602 	 2.41031793641272
412 	 0.986311597809856 	 2.37732453509298
413 	 1.01791572041383 	 2.41991601679664
414 	 0.930589985126425 	 2.25194961007799
415 	 0.939264784230154 	 2.11517696460708
416 	 1.02325581395349 	 2.16436712657469
417 	 1.06984478935698 	 2.31553689262148
418 	 0.988860103626943 	 2.28974205158968
419 	 0.986638721509038 	 2.25914817036593
420 	 1.02920870950611 	 2.3251349730054
421 	 0.979618163054696 	 2.27774445110978
422 	 0.977350539899921 	 2.22615476904619
423 	 0.976556184316896 	 2.17396520695861
424 	 0.946743929359823 	 2.05818836232754
425 	 1.06878461090061 	 2.1997600479904
426 	 1.04199618216526 	 2.29214157168567
427 	 1.01125359853442 	 2.31793641271746
428 	 0.982660455486542 	 2.27774445110978
429 	 0.996049512773242 	 2.26874625074985
430 	 1 	 2.26874625074985
431 	 1.01031200423057 	 2.29214157168567
432 	 1.00837477100236 	 2.31133773245351
433 	 0.992732935375032 	 2.29454109178165
434 	 0.996862745098039 	 2.2873425314937
435 	 0.975347495410438 	 2.23095380923815
436 	 0.966119924710944 	 2.15536892621476
437 	 1.04369607570276 	 2.24955008998201
438 	 1.00853333333333 	 2.26874625074985
439 	 0.995769434161819 	 2.25914817036593
440 	 1 	 2.25914817036593
441 	 0.997875730217738 	 2.25434913017397
442 	 1.03885045236828 	 2.34193161367727
443 	 1.00332991803279 	 2.3497300539892
444 	 1.00306356905795 	 2.35692861427715
445 	 1.00101807075592 	 2.35932813437313
446 	 1.01932367149758 	 2.40491901619676
447 	 1.01122474432527 	 2.43191361727655
448 	 0.99605328071041 	 2.42231553689262
449 	 0.95641406636949 	 2.31673665266947
450 	 0.930864836872087 	 2.15656868626275
451 	 0.971070931849791 	 2.09418116376725
452 	 0.980807791463764 	 2.05398920215957
453 	 1.01226635514019 	 2.07918416316737
454 	 0.981823427582228 	 2.04139172165567
455 	 0.976785189538642 	 1.99400119976005
456 	 0.966004813477738 	 1.92621475704859
457 	 0.947991279975086 	 1.82603479304139
458 	 0.995729303547963 	 1.81823635272946
459 	 1.06895414054767 	 1.94361127774445
460 	 1 	 1.94361127774445
461 	 1.06975308641975 	 2.07918416316737
462 	 1.00952106174264 	 2.09898020395921
463 	 0.99399828522435 	 2.08638272345531
464 	 0.974985623921794 	 2.03419316136773
465 	 1.02329696254792 	 2.08158368326335
466 	 0.997694524495677 	 2.07678464307139
467 	 1.00346620450607 	 2.08398320335933
468 	 0.983304548071387 	 2.04919016196761
469 	 1.00731850117096 	 2.06418716256749
470 	 1.03632664922988 	 2.13917216556689
471 	 1.00701065619742 	 2.15416916616677
472 	 1.02784739626845 	 2.21415716856629
473 	 1.05201842319155 	 2.32933413317337
474 	 0.982745300025753 	 2.28914217156569
475 	 1.02201257861635 	 2.33953209358129
476 	 1 	 2.33953209358129
477 	 1 	 2.33953209358129
478 	 0.993589743589744 	 2.32453509298141
479 	 1.01290322580645 	 2.35452909418117
480 	 1.01910828025478 	 2.39952009598081
481 	 1.01775 	 2.44211157768447
482 	 0.989683124539425 	 2.41691661667667
483 	 0.96897493174485 	 2.34193161367727
484 	 1.00537909836066 	 2.35452909418117
485 	 1.0287898089172 	 2.42231553689262
486 	 1.00718177315503 	 2.43971205758849
487 	 0.984509466437177 	 2.40191961607679
488 	 1.00124875124875 	 2.40491901619676
489 	 0.985283112995759 	 2.36952609478105
490 	 0.978987341772152 	 2.31973605278944
491 	 1.00103439358676 	 2.32213557288543
492 	 0.992250064582795 	 2.30413917216557
493 	 1.02186930486852 	 2.35452909418117
494 	 0.974522292993631 	 2.29454109178165
495 	 0.997647058823529 	 2.28914217156569
496 	 1.00550314465409 	 2.30173965206959
497 	 1.00443054469638 	 2.31193761247751
498 	 1.02179553710431 	 2.3623275344931
499 	 0.993397663788725 	 2.34673065386923
500 	 0.966002044989775 	 2.26694661067787
501 	 0.941518920349299 	 2.13437312537493
502 	 0.992973580663294 	 2.11937612477505
503 	 1 	 2.11937612477505
504 	 1.00452872912539 	 2.12897420515897
505 	 1.02000563539025 	 2.17156568686263
506 	 1.00110497237569 	 2.17396520695861
507 	 0.996688741721854 	 2.16676664667067
508 	 0.987264673311185 	 2.13917216556689
509 	 0.997756590016826 	 2.13437312537493
510 	 0.962338392355256 	 2.05398920215957
511 	 1.00116822429907 	 2.05638872225555
512 	 1.04521586931155 	 2.14937012597481
513 	 0.990510745185599 	 2.12897420515897
514 	 1.01183431952663 	 2.15416916616677
515 	 0.993038150932888 	 2.13917216556689
516 	 1.01177790241167 	 2.16436712657469
517 	 1.04379157427938 	 2.25914817036593
518 	 0.998937865108869 	 2.25674865026995
519 	 1.01887293992557 	 2.29934013197361
520 	 0.985911818418993 	 2.26694661067787
521 	 1.01640645673459 	 2.30413917216557
522 	 0.994793022650352 	 2.29214157168567
523 	 1.01622611881706 	 2.32933413317337
524 	 0.996909605974762 	 2.32213557288543
525 	 1.00413329888918 	 2.33173365326935
526 	 0.992539233341909 	 2.31433713257349
527 	 1 	 2.31433713257349
528 	 0.990409538621047 	 2.29214157168567
529 	 1.00523423187647 	 2.30413917216557
530 	 1.01093465243426 	 2.32933413317337
531 	 1.03013134174607 	 2.39952009598081
532 	 1.01975 	 2.44691061787643
533 	 1 	 2.44691061787643
534 	 1 	 2.44691061787643
535 	 1 	 2.44691061787643
536 	 1 	 2.44691061787643
537 	 1 	 2.44691061787643
538 	 1 	 2.44691061787643
539 	 1 	 2.44691061787643
540 	 1.0544251041922 	 2.58008398320336
541 	 1.02325040688212 	 2.64007198560288
542 	 1.00749829584185 	 2.65986802639473
543 	 0.990753270184935 	 2.63527294541092
544 	 1 	 2.63527294541092
545 	 0.997951286137036 	 2.62987402519497
546 	 0.992472627737226 	 2.61007798440312
547 	 1.0595265456217 	 2.76544691061788
548 	 0.989154013015184 	 2.73545290941812
549 	 0.979824561403509 	 2.68026394721056
550 	 1.02059086839749 	 2.73545290941812
551 	 0.992543859649123 	 2.71505698860229
552 	 1.01480335837384 	 2.75524895020996
553 	 0.996298715436534 	 2.74505098980204
554 	 1.00743006993007 	 2.76544691061788
555 	 0.998047722342733 	 2.76004799040192
556 	 1.01456205172789 	 2.8002399520096
557 	 0.99293059125964 	 2.78044391121776
558 	 0.98554476806904 	 2.74025194961008
559 	 1.00919439579685 	 2.76544691061788
560 	 1 	 2.76544691061788
561 	 1 	 2.76544691061788
562 	 1.06876355748373 	 2.95560887822436
563 	 1.0135985386645 	 2.99580083983204
564 	 1.01661994393272 	 3.04559088182364
565 	 0.959030923773882 	 2.92081583683264
566 	 0.994865475456973 	 2.90581883623276
567 	 0.992981007431875 	 2.88542291541692
568 	 1.01392931392931 	 2.9256148770246
569 	 1.01025220422391 	 2.95560887822436
570 	 0.993302212299574 	 2.93581283743252
571 	 0.993052717613404 	 2.91541691661668
572 	 1.01543209876543 	 2.96040791841632
573 	 1.02208713272543 	 3.0257948410318
574 	 0.988501189532117 	 2.99100179964008
575 	 0.989771359807461 	 2.96040791841632
576 	 1 	 2.96040791841632
577 	 1.01540020263425 	 3.00599880023996
578 	 1.02993414488126 	 3.09598080383924
579 	 1.03565200542531 	 3.20635872825436
580 	 1 	 3.20635872825436
581 	 1.03124415341441 	 3.30653869226155
582 	 1.01505805515239 	 3.35632873425316
583 	 1 	 3.35632873425316
584 	 1.01054512957998 	 3.39172165566887
585 	 0.971878316236293 	 3.29634073185364
586 	 0.959053685168335 	 3.16136772645472
587 	 1 	 3.16136772645472
588 	 1.00777988614801 	 3.18596280743852
589 	 1.0472604029373 	 3.33653269346131
590 	 0.984897518878102 	 3.28614277144572
591 	 1.01679445052939 	 3.34133173365328
592 	 1.0016157989228 	 3.34673065386923
593 	 0.984943538268507 	 3.29634073185364
594 	 1 	 3.29634073185364
595 	 1.00145586897179 	 3.3011397720456
596 	 0.98491731782664 	 3.251349730054
597 	 1.040036900369 	 3.38152369526095
598 	 1.05180060315771 	 3.55668866226755
599 	 0.963400236127509 	 3.4265146970606
600 	 1.00140056022409 	 3.43131373725256
601 	 0.98986013986014 	 3.39652069586083
602 	 1.01624867537972 	 3.45170965806839
603 	 1.00139033715676 	 3.45650869826035
604 	 0.992710864283235 	 3.43131373725256
605 	 1.00454545454545 	 3.44691061787643
606 	 1 	 3.44691061787643
607 	 1.0377654020188 	 3.57708458308339
608 	 0.997149086030522 	 3.56688662267547
609 	 1 	 3.56688662267547
610 	 1.01395896400942 	 3.61667666466707
611 	 1.00978603416819 	 3.65206958608279
612 	 0.99457950065703 	 3.63227354529095
613 	 1 	 3.63227354529095
614 	 0.9943848059455 	 3.61187762447511
615 	 0.991695731606046 	 3.58188362327535
616 	 0.997152905710936 	 3.57168566286743
617 	 0.966409136714814 	 3.45170965806839
618 	 0.98696558915537 	 3.40671865626875
619 	 0.997006515231555 	 3.39652069586083
620 	 0.995584599081597 	 3.38152369526095
621 	 1.02660989888238 	 3.47150569886023
622 	 1.00293761880076 	 3.48170365926815
623 	 0.987077877325982 	 3.43671265746851
624 	 1.01012393087799 	 3.47150569886023
625 	 1.00432002764818 	 3.48650269946011
626 	 1.02598072952512 	 3.57708458308339
627 	 0.97333556934429 	 3.48170365926815
628 	 1.00568573397657 	 3.50149970005999
629 	 0.998629432927874 	 3.49670065986803
630 	 0.959855892949048 	 3.35632873425316
631 	 1.01197497765862 	 3.39652069586083
632 	 1 	 3.39652069586083
633 	 1.00141292829389 	 3.4013197360528
634 	 0.958906525573192 	 3.26154769046191
635 	 1 	 3.26154769046191
636 	 0.998344675372448 	 3.25614877024596
637 	 1.00921149594694 	 3.28614277144572
638 	 1.01369112814896 	 3.33113377324536
639 	 1.01512695840086 	 3.38152369526095
640 	 1.0163207379812 	 3.43671265746851
641 	 0.986908710071566 	 3.39172165566887
642 	 1.01768659356208 	 3.45170965806839
643 	 0.998609662843239 	 3.44691061787643
644 	 1.00713539853811 	 3.47150569886023
645 	 0.99291515465699 	 3.44691061787643
646 	 0.994082840236686 	 3.42651469706059
647 	 1.00297619047619 	 3.43671265746851
648 	 0.995636236690522 	 3.42171565686863
649 	 1.01612903225806 	 3.47690461907619
650 	 1.03312629399586 	 3.59208158368327
651 	 1.00551102204409 	 3.61187762447511
652 	 1.02076067098489 	 3.68686262747451
653 	 0.990562967783924 	 3.65206958608279
654 	 0.987680683311432 	 3.60707858428315
655 	 1 	 3.60707858428315
656 	 1.01530018293697 	 3.66226754649071
657 	 1.03554463554464 	 3.79244151169767
658 	 1.00521986713065 	 3.81223755248951
659 	 1.00141620771046 	 3.81763647270547
660 	 1.00644248900063 	 3.84223155368927
661 	 0.996096799375488 	 3.82723455308939
662 	 1.02100313479624 	 3.90761847630475
663 	 1.00260976358612 	 3.91781643671267
664 	 0.990966161384168 	 3.88242351529695
665 	 0.996137206427689 	 3.86742651469707
666 	 0.997363114626958 	 3.85722855428915
667 	 0.993623639191291 	 3.83263347330535
668 	 1.00782595085303 	 3.86262747450511
669 	 1.03106072371486 	 3.98260347930415
670 	 1.0088868805543 	 4.01799640071986
671 	 1.01119737234996 	 4.0629874025195
672 	 1.00236232098036 	 4.07258548290343
673 	 1 	 4.07258548290343
674 	 0.992635145087642 	 4.04259148170367
675 	 1.01112924766286 	 4.08758248350331
676 	 1.05400645729381 	 4.30833833233354
677 	 0.970064049011418 	 4.17936412717457
678 	 1.02239127314483 	 4.27294541091782
679 	 0.98708409378071 	 4.21775644871027
680 	 1.03271227421419 	 4.35572885422916
681 	 0.979754854703209 	 4.26754649070187
682 	 0.977930840596008 	 4.17336532693462
683 	 1.00402472330027 	 4.19016196760649
684 	 1.00128847530422 	 4.19556088782244
685 	 0.99342293394338 	 4.16796640671866
686 	 0.990788716177317 	 4.12957408518297
687 	 1 	 4.12957408518297
688 	 1.02135386403254 	 4.21775644871027
689 	 1.02090741004125 	 4.30593881223756
690 	 1.00891613262747 	 4.34433113377325
691 	 0.97970173985087 	 4.25614877024596
692 	 1.04284707540521 	 4.4385122975405
693 	 0.989998648466009 	 4.39412117576486
694 	 0.986211604095563 	 4.33353329334134
695 	 1.02159468438538 	 4.42711457708459
696 	 0.991327913279133 	 4.3887222555489
697 	 1.00246036085293 	 4.39952009598081
698 	 1.00259067357513 	 4.41091781643672
699 	 1.01237590099279 	 4.46550689862028
700 	 0.985222998387964 	 4.39952009598081
701 	 0.979956367602945 	 4.31133773245352
702 	 1.01794907471824 	 4.3887222555489
703 	 0.992482230727173 	 4.35572885422916
704 	 0.98856906762154 	 4.30593881223756
705 	 0.988436890498746 	 4.25614877024596
706 	 0.997463002114165 	 4.24535092981405
707 	 1.00254345061467 	 4.25614877024596
708 	 1.01423537702607 	 4.31673665266947
709 	 0.99360755975542 	 4.2891421715657
710 	 0.985874125874126 	 4.22855428914218
711 	 0.99744644630444 	 4.21775644871027
712 	 1.00654245484284 	 4.24535092981405
713 	 1.01427158400452 	 4.30593881223756
714 	 1.04736695458345 	 4.50989802039593
715 	 0.993881351423251 	 4.48230353929215
716 	 0.996252676659529 	 4.46550689862028
717 	 1.02229983879635 	 4.56508698260349
718 	 0.990275952693824 	 4.52069586082784
719 	 1.00610403397028 	 4.54829034193162
720 	 1.00369295700343 	 4.56508698260349
721 	 1.02536136662286 	 4.68086382723456
722 	 1 	 4.68086382723456
723 	 1.00704857106241 	 4.7138572285543
724 	 1.02926953423263 	 4.85182963407319
725 	 0.99431256181998 	 4.82423515296942
726 	 0.994280029843322 	 4.79664067186564
727 	 0.982741370685343 	 4.7138572285543
728 	 1.00699923644693 	 4.74685062987403
729 	 1 	 4.74685062987403
730 	 1.00467584986731 	 4.76904619076186
731 	 1.01044025157233 	 4.81883623275346
732 	 1.00336113531682 	 4.83503299340133
733 	 0.995409429280397 	 4.81283743251351
734 	 0.964601769911504 	 4.64247150569887
735 	 0.991600982039023 	 4.60347930413918
736 	 1.02397706541569 	 4.7138572285543
737 	 1.01056248409264 	 4.7636472705459
738 	 1.06132728875457 	 5.05578884223156
739 	 1.03927384907451 	 5.25434913017398
740 	 0.972713780111885 	 5.11097780443912
741 	 1.01619718309859 	 5.19376124775046
742 	 1.01582351582352 	 5.2759448110378
743 	 0.98021603183627 	 5.17156568686264
744 	 1.00637977032827 	 5.20455908818237
745 	 0.995735361917934 	 5.18236352729455
746 	 0.991549947910638 	 5.1385722855429
747 	 1.0214802708382 	 5.24895020995802
748 	 1.00205714285714 	 5.25974805038993
749 	 0.985287408759124 	 5.18236352729455
750 	 0.981942354439171 	 5.0887822435513
751 	 1.00330071908523 	 5.10557888422316
752 	 0.990247914463635 	 5.05578884223156
753 	 1.02396772662553 	 5.17696460707859
754 	 1.01911935110081 	 5.2759448110378
755 	 1.00318362706083 	 5.29274145170967
756 	 1.0052136461521 	 5.32033593281345
757 	 1 	 5.32033593281345
758 	 0.991656331040704 	 5.2759448110378
759 	 1.00318362706083 	 5.29274145170967
760 	 1.02085458460841 	 5.40311937612478
761 	 1.03064283335184 	 5.56868626274746
762 	 0.995044705375417 	 5.54109178164368
763 	 1 	 5.54109178164368
764 	 1.02977157085634 	 5.70605878824236
765 	 1.02901597981497 	 5.87162567486504
766 	 0.953105843890478 	 5.59628074385124
767 	 1.00975452888841 	 5.6508698260348
768 	 1.0244161358811 	 5.7888422315537
769 	 0.990466321243523 	 5.73365326934614
770 	 0.980853735091023 	 5.62387522495502
771 	 1.00970666666667 	 5.67846430713858
772 	 0.995140502852314 	 5.6508698260348
773 	 1.01953290870488 	 5.76124775044992
774 	 0.995210329029571 	 5.73365326934614
775 	 0.990374555346307 	 5.67846430713858
776 	 1 	 5.67846430713858
777 	 1 	 5.67846430713858
778 	 1.01943798859075 	 5.7888422315537
779 	 1.01430051813471 	 5.87162567486504
780 	 1 	 5.87162567486504
781 	 1 	 5.87162567486504
782 	 0.990600735594606 	 5.81643671265748
783 	 1 	 5.81643671265748
784 	 0.990511551155116 	 5.76124775044992
785 	 1.01436901291129 	 5.84403119376126
786 	 1.04249640730856 	 6.09238152369527
787 	 0.990941315478535 	 6.03719256148771
788 	 1.06389109697933 	 6.42291541691663
789 	 1.00859250957318 	 6.47810437912419
790 	 1.00425965367164 	 6.50569886022797
791 	 0.966067312125403 	 6.28494301139773
792 	 1.01756227927842 	 6.39532093581285
793 	 0.987055623299878 	 6.31253749250151
794 	 1.00437137698375 	 6.34013197360529
795 	 1.00435235121582 	 6.36772645470907
796 	 1.03033443240697 	 6.56088782243552
797 	 1 	 6.56088782243552
798 	 0.991588186888543 	 6.50569886022796
799 	 0.987275242047026 	 6.42291541691663
800 	 1.01288876435976 	 6.50569886022797
801 	 1.01272475795297 	 6.5884823035393
802 	 1.01256487298552 	 6.67126574685064
803 	 1.0330006294398 	 6.89142171565688
804 	 0.99599582172702 	 6.8638272345531
805 	 1.01206082852648 	 6.94661067786444
806 	 1.00794473229706 	 7.001799640072
807 	 1.01576422206991 	 7.11217756448711
808 	 1 	 7.11217756448711
809 	 1 	 7.11217756448711
810 	 1 	 7.11217756448711
811 	 1 	 7.11217756448711
812 	 1 	 7.11217756448711
813 	 1 	 7.11217756448711
814 	 1 	 7.11217756448711
815 	 1.03491902834008 	 7.36052789442113
816 	 0.988753056234719 	 7.27774445110979
817 	 1.01887570062644 	 7.41511697660469
818 	 0.988916754307904 	 7.33293341331735
819 	 0.969895287958115 	 7.11217756448711
820 	 0.9069669365722 	 6.45050989802041
821 	 1.02566725564959 	 6.61607678464308
822 	 1.01668328950947 	 6.7264547090582
823 	 1 	 6.7264547090582
824 	 1.069651297601 	 7.19496100779845
825 	 1.00383525095881 	 7.22255548890223
826 	 0.992358803986711 	 7.16736652669467
827 	 1 	 7.16736652669467
828 	 1.01155005021761 	 7.25014997000601
829 	 0.969551547244746 	 7.02939412117578
830 	 1.00392558457075 	 7.05698860227956
831 	 0.941431485889153 	 6.64367126574686
832 	 1.01661399548533 	 6.75404919016198
833 	 0.995914379607425 	 6.7264547090582
834 	 1.03683224828324 	 6.97420515896822
835 	 0.984173404438328 	 6.8638272345531
836 	 0.984006292606188 	 6.75404919016198
837 	 0.971400657251976 	 6.56088782243553
838 	 1.01682362622291 	 6.67126574685064
839 	 1.00413631867638 	 6.69886022795442
840 	 1.03286469060625 	 6.91901619676066
841 	 0.996011791225941 	 6.89142171565688
842 	 1.01601671309192 	 7.001799640072
843 	 1.03152844413982 	 7.22255548890223
844 	 0.988538205980066 	 7.13977204559089
845 	 1.02705427659217 	 7.33293341331735
846 	 1.00752617801047 	 7.38812237552491
847 	 1.0559434881455 	 7.8014397120576
848 	 1 	 7.8014397120576
849 	 1 	 7.8014397120576
850 	 0.989388696655132 	 7.71865626874626
851 	 0.989274889251574 	 7.63587282543492
852 	 1.01084138581193 	 7.71865626874626
853 	 1.0535478355483 	 8.13197360527895
854 	 0.976320448509885 	 7.93941211757649
855 	 1.01035134114091 	 8.02159568086384
856 	 1.01720011965301 	 8.15956808638273
857 	 1.0439641229231 	 8.51829634073186
858 	 0.990281690140845 	 8.43551289742052
859 	 1.0326411605746 	 8.71085782843432
860 	 1.00950347772192 	 8.79364127174566
861 	 1.02824203560952 	 9.04199160167967
862 	 1.06707357526703 	 9.64847030593882
863 	 1.02853767719473 	 9.92381523695262
864 	 1.0027806322916 	 9.9514097180564
865 	 0.969558140936765 	 9.64847030593882
866 	 1.01709773688137 	 9.8134373125375
867 	 1 	 9.8134373125375
868 	 0.997188092181674 	 9.78584283143372
869 	 1.03665788021823 	 10.1445710857829
870 	 1.0163207379812 	 10.3101379724055
871 	 1 	 10.3101379724055
872 	 0.954500494559842 	 9.84103179364128
873 	 0.99719597683633 	 9.8134373125375
874 	 1.02249526254661 	 10.0341931613677
875 	 0.991749865486937 	 9.95140971805639
876 	 0.997227078184339 	 9.92381523695262
877 	 1.0611134618872 	 10.5302939412118
878 	 1.06807565227299 	 11.247150569886
879 	 0.990186143260974 	 11.1367726454709
880 	 0.980231618637221 	 10.9166166766647
881 	 1.0100560501154 	 11.0263947210558
882 	 1.00500516838039 	 11.0815836832634
883 	 0.990039517133113 	 10.9712057588482
884 	 1.02012138443873 	 11.1919616076785
885 	 0.995068874953101 	 11.1367726454709
886 	 1 	 11.1367726454709
887 	 0.995044438459467 	 11.0815836832634
888 	 1.02988144860066 	 11.4127174565087
889 	 1.04105124835742 	 11.881223755249
890 	 1.00696758558013 	 11.9640071985603
891 	 1.00230645808263 	 11.9916016796641
892 	 1.04367183591796 	 12.5152969406119
893 	 0.991180558884149 	 12.4049190161968
894 	 0.948885342618115 	 11.7708458308338
895 	 1.03511364794618 	 12.1841631673665
896 	 1.00905913052041 	 12.2945410917816
897 	 1 	 12.2945410917816
898 	 0.968626494266895 	 11.9088182363527
899 	 1.00926858754785 	 12.0191961607679
900 	 1.00918346975444 	 12.129574085183
901 	 1.06815034619189 	 12.9562087582484
902 	 1.05958885081952 	 13.7282543491302
903 	 1.03211710727551 	 14.1691661667667
904 	 0.931922099915326 	 13.2045590881824
905 	 0.931083045611485 	 12.2945410917817
906 	 1.02020004879239 	 12.5428914217157
907 	 0.931847529771869 	 11.6880623875225
908 	 1.00472182303428 	 11.7432513497301
909 	 1.0398957907642 	 12.2117576484703
910 	 1.07000049123152 	 13.0665866826635
911 	 1.03374345790102 	 13.5074985003
912 	 0.981658302615801 	 13.2597480503899
913 	 0.989594643503438 	 13.121775644871
914 	 1.04621925573741 	 13.7282543491302
915 	 0.987939698492462 	 13.5626874625075
916 	 1.00813835198372 	 13.6730653869226
917 	 1.02013776159347 	 13.9484103179364
918 	 1.02769654223293 	 14.3347330533893
919 	 1.03075828590559 	 14.7756448710258
920 	 0.985059477893711 	 14.5548890221956
921 	 1.01516712690104 	 14.7756448710258
922 	 0.988794608420283 	 14.6100779844031
923 	 0.943420242250051 	 13.7834433113378
924 	 1.02598250424337 	 14.1415716856629
925 	 1.01756172053958 	 14.3899220155969
926 	 1.01529931632483 	 14.6100779844031
927 	 0.971710121125026 	 14.1967606478704
928 	 0.982506549480267 	 13.9484103179364
929 	 0.930844658523998 	 12.9838032393521
930 	 1.0170024025134 	 13.2045590881824
931 	 0.979102307832092 	 12.9286142771446
932 	 0.98510579064588 	 12.7360527894421
933 	 1.03895247515426 	 13.2321535692862
934 	 0.974975065735787 	 12.9010197960408
935 	 0.991444248116805 	 12.7906418716257
936 	 0.997842603883313 	 12.7630473905219
937 	 1.04968039105095 	 13.3971205758848
938 	 1.04938879684771 	 14.0587882423516
939 	 0.970600785116914 	 13.6454709058189
940 	 1.01617795753286 	 13.8662267546491
941 	 0.974129353233831 	 13.5074985003
942 	 1.03877070657725 	 14.0311937612478
943 	 1.00393330483112 	 14.0863827234553
944 	 1.0176305255089 	 14.3347330533893
945 	 1.01920823568798 	 14.6100779844031
946 	 0.973598850338739 	 14.2243551289742
947 	 1 	 14.2243551289742
948 	 1.04263663967611 	 14.8308338332334
949 	 0.966913400477288 	 14.3401319736053
950 	 1.03334030537544 	 14.8182363527295
951 	 1.00380535988989 	 14.874625074985
952 	 0.984876592998871 	 14.6496700659868
953 	 1.01343106342902 	 14.8464307138573
954 	 1.01325306072973 	 15.0431913617277
955 	 0.958886629182119 	 14.4247150569886
956 	 0.970764368294103 	 14.00299940012
957 	 1.00197061217496 	 14.0305938812238
958 	 1.05412800889307 	 14.7900419916017
959 	 1.00190630703711 	 14.8182363527295
960 	 0.986721722937414 	 14.6214757048591
961 	 0.980758184951178 	 14.3401319736053
962 	 1.00978874712403 	 14.4805038992202
963 	 1.01748208293633 	 14.7336532693462
964 	 0.971377386914214 	 14.3119376124775
965 	 0.998030010897812 	 14.2837432513498
966 	 1.00986938809794 	 14.4247150569886
967 	 0.994136238875489 	 14.3401319736053
968 	 1 	 14.3401319736053
969 	 1 	 14.3401319736053
970 	 1 	 14.3401319736053
971 	 1.01568709475005 	 14.5650869826035
972 	 1 	 14.5650869826035
973 	 1.00193574958814 	 14.5932813437313
974 	 1.00575492251408 	 14.6772645470906
975 	 0.99427800711162 	 14.5932813437313
976 	 0.99613598059769 	 14.5368926214757
977 	 1.02129327776173 	 14.8464307138573
978 	 1.06816437027759 	 15.8584283143372
979 	 0.984036919352398 	 15.6052789442112
980 	 1.04866610286769 	 16.3647270545891
981 	 0.991385630498534 	 16.2237552489502
982 	 1.05546311702718 	 17.123575284943
983 	 1 	 17.123575284943
984 	 0.972114205640217 	 16.6460707858429
985 	 0.969584489531154 	 16.1397720455909
986 	 1.01914142352723 	 16.4487102579484
987 	 0.991466083150985 	 16.3083383323336
988 	 1 	 16.3083383323336
989 	 1.01379386448908 	 16.5332933413318
990 	 0.989804433801386 	 16.3647270545891
991 	 1.01202346041056 	 16.5614877024595
992 	 1.00170240509997 	 16.5896820635873
993 	 1.0220213342976 	 16.9550089982004
994 	 0.983406453439004 	 16.6736652669466
995 	 1.0236373448462 	 17.0677864427115
996 	 1.04941656122592 	 17.9112177564487
997 	 0.99212941255275 	 17.7702459508099
998 	 1.02376531748979 	 18.1925614877025
999 	 0.98143568437366 	 17.8548290341932
1000 	 0.996841822335708 	 17.7984403119377
1001 	 1.00158409167509 	 17.8266346730654
1002 	 1.01261903960696 	 18.0515896820636
1003 	 1.04050910541008 	 18.7828434313138
1004 	 0.976046756730861 	 18.3329334133174
1005 	 0.981577827950656 	 17.9952009598081
1006 	 1.00470031335422 	 18.0797840431914
1007 	 1.03732705132884 	 18.754649070186
1008 	 1.01049129989765 	 18.9514097180564
1009 	 1.0178209673335 	 19.2891421715657
1010 	 1.04954128440367 	 20.2447510497901
1011 	 1.01528979495081 	 20.5542891421716
1012 	 1.0164020546346 	 20.8914217156569
1013 	 0.991931315683685 	 20.7228554289143
1014 	 0.990505138225503 	 20.5260947810438
1015 	 1.06984832101002 	 21.9598080383924
1016 	 0.9936077799328 	 21.8194361127775
1017 	 0.966486129821571 	 21.0881823635273
1018 	 0.978665301245946 	 20.6382723455309
1019 	 1.02726427159633 	 21.2009598080384
1020 	 1.02917208986475 	 21.8194361127775
1021 	 0.980672476837214 	 21.3977204559089
1022 	 1.00263526773199 	 21.4541091781644
1023 	 1.00131417067442 	 21.4823035392922
1024 	 0.993437770517439 	 21.3413317336533
1025 	 0.980239487294806 	 20.9196160767847
1026 	 0.970435580535084 	 20.3011397720456
1027 	 0.977838189232315 	 19.8512297540492
1028 	 0.95609210685362 	 18.9796040791842
1029 	 0.974809570466829 	 18.50149970006
1030 	 1.03952402567927 	 19.2327534493102
1031 	 0.979539003774056 	 18.8392321535693
1032 	 1.00894761980576 	 19.007798440312
1033 	 1.00886826989838 	 19.1763647270546
1034 	 1.03225200988519 	 19.7948410317937
1035 	 0.975847021031578 	 19.3167366526695
1036 	 0.984006707866215 	 19.007798440312
1037 	 0.985198510383135 	 18.7264547090582
1038 	 0.983502578723132 	 18.4175164967007
1039 	 1.00762165331249 	 18.5578884223156
1040 	 1.01060253426429 	 18.754649070186
1041 	 1.0074846468782 	 18.8950209958009
1042 	 1 	 18.8950209958009
1043 	 0.979173280843228 	 18.50149970006
1044 	 0.942254069126516 	 17.4331133773246
1045 	 1.06128488352087 	 18.50149970006
1046 	 1.03041307308216 	 19.0641871625675
1047 	 1 	 19.0641871625675
1048 	 0.941000629326621 	 17.9394121175765
1049 	 1.0250794181575 	 18.3893221355729
1050 	 1.00916653074539 	 18.5578884223156
1051 	 0.937871735195242 	 17.4049190161968
1052 	 0.988695112704212 	 17.2081583683264
1053 	 0.982012131353273 	 16.8986202759449
1054 	 0.93013844515442 	 15.7180563887223
1055 	 1.069765666743 	 16.8146370725855
1056 	 1.06856938993935 	 17.9676064787043
1057 	 1.0078125 	 18.1079784043192
1058 	 1.05124892334195 	 19.0359928014398
1059 	 0.991113352031009 	 18.8668266346731
1060 	 0.989571078821023 	 18.6700659868027
1061 	 1 	 18.6700659868027
1062 	 1 	 18.6700659868027
1063 	 1 	 18.6700659868027
1064 	 1 	 18.6700659868027
1065 	 1 	 18.6700659868027
1066 	 1 	 18.6700659868027
1067 	 1.02560807120136 	 19.1481703659269
1068 	 1.06901629072682 	 20.4697060587883
1069 	 1.00275474020455 	 20.5260947810438
1070 	 0.984919776719175 	 20.2165566886623
1071 	 1.01531111836444 	 20.5260947810438
1072 	 1.01508022328083 	 20.8356328734254
1073 	 0.993234100135318 	 20.6946610677865
1074 	 0.956519218505421 	 19.7948410317937
1075 	 0.977271349778775 	 19.3449310137973
1076 	 1.0261721657157 	 19.8512297540492
1077 	 1.00568113139127 	 19.9640071985603
1078 	 1.00138221153846 	 19.9916016796641
1079 	 1.01971433715417 	 20.385722855429
1080 	 0.96551216784863 	 19.6826634673066
1081 	 1.01142909390144 	 19.9076184763048
1082 	 1.04519978304104 	 20.8074385122976
1083 	 1.0432451133022 	 21.7072585482904
1084 	 1 	 21.7072585482904
1085 	 1.01036312386006 	 21.9322135572886
1086 	 0.982030032001313 	 21.5380923815237
1087 	 1.02350713012478 	 22.0443911217757
1088 	 0.994911287689126 	 21.9322135572886
1089 	 1.00254369410027 	 21.9880023995201
1090 	 0.997462759862498 	 21.9322135572886
1091 	 0.998714477175132 	 21.9040191961608
1092 	 1.03979295612642 	 22.7756448710258
1093 	 0.970369004661943 	 22.1007798440312
1094 	 0.997448564138755 	 22.0443911217757
1095 	 0.989795363012953 	 21.8194361127775
1096 	 0.992274489319 	 21.6508698260348
1097 	 0.968829657541837 	 20.9760047990402
1098 	 1 	 20.9760047990402
1099 	 0.978551205422255 	 20.5260947810438
1100 	 1.035625566239 	 21.257348530294
1101 	 0.984112202280167 	 20.9196160767847
1102 	 0.994637685315287 	 20.8074385122976
1103 	 0.933777316496569 	 19.4295140971806
1104 	 0.952236870542468 	 18.50149970006
1105 	 1.06990467544258 	 19.7948410317937
1106 	 1.03694163282623 	 20.5260947810438
1107 	 0.99450565508373 	 20.4133173365327
1108 	 0.997267036939081 	 20.3575284943012
1109 	 1 	 20.3575284943012
1110 	 1.00828029231495 	 20.5260947810438
1111 	 0.978081070812754 	 20.0761847630474
1112 	 1 	 20.0761847630474
1113 	 1 	 20.0761847630474
1114 	 0.957988466250336 	 19.2327534493102
1115 	 0.964910639094227 	 18.5578884223156
1116 	 1.05152573054047 	 19.5140971805639
1117 	 0.979803258530587 	 19.1199760047991
1118 	 1.00589840931196 	 19.2327534493102
1119 	 0.985371635320171 	 18.9514097180564
1120 	 0.967365155735629 	 18.3329334133174
1121 	 1 	 18.3329334133174
1122 	 1.06289061221819 	 19.4859028194362
1123 	 0.974017178216298 	 18.9796040791842
1124 	 0.988147539429186 	 18.754649070186
1125 	 0.98349539406346 	 18.4451109778045
1126 	 1.02136724339794 	 18.8392321535693
1127 	 0.985066072281484 	 18.5578884223156
1128 	 1 	 18.5578884223156
1129 	 1.01816653736747 	 18.8950209958009
1130 	 0.983649755540034 	 18.5860827834433
1131 	 0.99848303908595 	 18.5578884223156
1132 	 0.986358934574606 	 18.3047390521896
1133 	 1.00920888772367 	 18.4733053389323
1134 	 0.989348920279266 	 18.2765446910618
1135 	 0.986148948042144 	 18.0233953209359
1136 	 0.984423364952571 	 17.7426514697061
1137 	 0.969875240896643 	 17.2081583683264
1138 	 1.01634943875061 	 17.4895020995801
1139 	 1.01605213513977 	 17.7702459508099
1140 	 1.01900550248118 	 18.1079784043192
1141 	 0.944113165043398 	 17.0959808038393
1142 	 0.930909856486193 	 15.9148170365927
1143 	 0.982321899736148 	 15.633473305339
1144 	 1.02517171252062 	 16.0269946010798
1145 	 1.06842085563499 	 17.1235752849431
1146 	 0.972114205640217 	 16.6460707858429
1147 	 1.01182024577462 	 16.8428314337133
1148 	 0.986643872208569 	 16.6178764247151
1149 	 1.04905782975958 	 17.4331133773246
1150 	 1 	 17.4331133773246
1151 	 1.02580778362754 	 17.883023395321
1152 	 0.998423400758109 	 17.8548290341932
1153 	 0.992138153473995 	 17.7144571085783
1154 	 0.995225194717237 	 17.629874025195
1155 	 0.98883936166593 	 17.4331133773246
1156 	 1.02095592030556 	 17.7984403119377
1157 	 1.00158409167509 	 17.8266346730654
1158 	 0.996836827405189 	 17.7702459508099
1159 	 0.9667825675995 	 17.1799640071986
1160 	 1 	 17.1799640071986
1161 	 1.01473515136702 	 17.4331133773246
1162 	 1.02580778362754 	 17.883023395321
1163 	 0.981114353762034 	 17.5452909418117
1164 	 0.99039250547046 	 17.376724655069
1165 	 0.978976076224669 	 17.0113977204559
1166 	 0.995027858100007 	 16.9268146370726
1167 	 1.01995251089769 	 17.2645470905819
1168 	 1.0683808200139 	 18.4451109778045
1169 	 1.05031221542865 	 19.3731253749251
1170 	 1.05081281932188 	 20.3575284943012
1171 	 0.95992456388496 	 19.5416916616677
1172 	 0.98707637524558 	 19.2891421715657
1173 	 1.01020059088789 	 19.4859028194362
1174 	 0.978357910291537 	 19.0641871625675
1175 	 1.0471994965387 	 19.9640071985603
1176 	 0.977463942307692 	 19.5140971805639
1177 	 0.965416538579772 	 18.8392321535693
1178 	 1.00894761980576 	 19.007798440312
1179 	 0.991131730101622 	 18.8392321535693
1180 	 1.01639866263334 	 19.1481703659269
1181 	 1.01616541353383 	 19.4577084583084
1182 	 0.981193735355777 	 19.0917816436713
1183 	 1.03094953811349 	 19.6826634673066
1184 	 1.00999664746579 	 19.879424115177
1185 	 0.980204592775883 	 19.4859028194362
1186 	 1.01009758950836 	 19.6826634673066
1187 	 1 	 19.6826634673066
1188 	 1 	 19.6826634673066
1189 	 1 	 19.6826634673066
1190 	 0.992837767821767 	 19.5416916616677
1191 	 0.985633595284872 	 19.260947810438
1192 	 0.982465429176529 	 18.9232153569287
1193 	 1.00297987002695 	 18.9796040791842
1194 	 0.954075666108284 	 18.1079784043192
1195 	 1.04346385741735 	 18.8950209958009
1196 	 0.992570956886151 	 18.754649070186
1197 	 1.00450997952917 	 18.8392321535693
1198 	 0.961184524757204 	 18.1079784043192
1199 	 0.942556151858477 	 17.0677864427115
1200 	 1.02140447068747 	 17.4331133773246
1201 	 0.983861532638244 	 17.1517696460708
1202 	 0.931169557918299 	 15.9712057588483
1203 	 0.931340144230769 	 14.874625074985
1204 	 0.930029036941442 	 13.8338332333534
1205 	 0.930922336412124 	 12.878224355129
1206 	 1.06987143655674 	 13.7780443911218
1207 	 0.930599094392198 	 12.8218356328735
1208 	 0.949564891924768 	 12.1751649670066
1209 	 1.05774536854553 	 12.878224355129
1210 	 0.96068567169741 	 12.3719256148771
1211 	 1.06817300232739 	 13.2153569286143
1212 	 1.06808896958693 	 14.1151769646071
1213 	 1.02133446663833 	 14.4163167366527
1214 	 1.0142310252996 	 14.6214757048591
1215 	 0.965988348239928 	 14.124175164967
1216 	 0.973072839244001 	 13.7438512297541
1217 	 0.97874383483916 	 13.4517096580684
1218 	 0.986933642525865 	 13.2759448110378
1219 	 1.06610636663504 	 14.1535692861428
1220 	 1 	 14.1535692861428
1221 	 0.962787149275239 	 13.626874625075
1222 	 1.06867406233492 	 14.5626874625075
1223 	 0.979939034437304 	 14.2705458908219
1224 	 0.983605868258439 	 14.0365926814638
1225 	 1.02705243813838 	 14.4163167366527
1226 	 0.985810585885486 	 14.2117576484703
1227 	 1.00823097378751 	 14.3287342531494
1228 	 0.979611487900862 	 14.0365926814638
1229 	 1.01042779605966 	 14.1829634073186
1230 	 1.0144228735778 	 14.3875224955009
1231 	 1.00813042028019 	 14.50449910018
1232 	 0.993920344100252 	 14.4163167366527
1233 	 1.01219207723036 	 14.5920815836833
1234 	 1.05011305241521 	 15.3233353329335
1235 	 1.06870497964297 	 16.376124775045
1236 	 0.98747206857394 	 16.1709658068387
1237 	 1.05063619839003 	 16.9898020395921
1238 	 0.974189675870348 	 16.5512897420516
1239 	 0.971729911927803 	 16.0833833233354
1240 	 0.994554473909962 	 15.9958008398321
1241 	 0.970748171760735 	 15.5278944211158
1242 	 1.00753332045586 	 15.6448710257949
1243 	 0.943903374233129 	 14.7672465506899
1244 	 1 	 14.7672465506899
1245 	 0.998050127960353 	 14.7384523095381
1246 	 0.976189507102446 	 14.387522495501
1247 	 1.00813042028019 	 14.50449910018
1248 	 1.04032424831465 	 15.0893821235753
1249 	 0.978651506718613 	 14.7672465506899
1250 	 1.0237640654832 	 15.1181763647271
1251 	 1.02321244345687 	 15.4691061787643
1252 	 1.00946213208206 	 15.6154769046191
1253 	 1.00749106834159 	 15.7324535092982
1254 	 0.992564630519332 	 15.6154769046191
1255 	 1.01498213668319 	 15.8494301139773
1256 	 1.0037091707354 	 15.9082183563288
1257 	 0.99630453637015 	 15.8494301139773
1258 	 1.00738049278983 	 15.9664067186563
1259 	 1.05861136158702 	 16.9022195560888
1260 	 0.986158432708688 	 16.6682663467307
1261 	 1.00878140070539 	 16.8146370725856
1262 	 0.986086336068498 	 16.5806838632274
1263 	 0.947069464544139 	 15.7030593881224
1264 	 1.02421973488177 	 16.0833833233354
1265 	 0.996382081981276 	 16.0251949610079
1266 	 0.994497267350453 	 15.9370125974806
1267 	 0.987164527421237 	 15.7324535092982
1268 	 1.06878670022115 	 16.8146370725856
1269 	 1.03649661077417 	 17.4283143371326
1270 	 0.97318693422366 	 16.9610077984404
1271 	 1.00343071372993 	 17.0191961607679
1272 	 1.0446582778189 	 17.7792441511698
1273 	 1.0493623051488 	 18.6568686262748
1274 	 0.982765827465355 	 18.3353329334134
1275 	 0.972877474235237 	 17.8380323935214
1276 	 1.00164783427495 	 17.8674265146971
1277 	 1.01635051200269 	 18.1595680863828
1278 	 0.988735465116279 	 17.9550089982004
1279 	 1.00487788580402 	 18.0425914817037
1280 	 1.03727100442198 	 18.7150569886024
1281 	 0.979710237835759 	 18.3353329334134
1282 	 1.01275969245869 	 18.5692861427715
1283 	 1.00471652398643 	 18.6568686262748
1284 	 1.04073823992798 	 19.4169166166767
1285 	 1.01204893722195 	 19.6508698260349
1286 	 0.97023627816106 	 19.0659868026396
1287 	 0.987729289242677 	 18.8320335932814
1288 	 1.00933329086102 	 19.007798440312
1289 	 1.01536956384523 	 19.2999400119977
1290 	 1.00910701519908 	 19.4757048590283
1291 	 0.96695004004189 	 18.8320335932814
1292 	 0.954989965915969 	 17.9844031193762
1293 	 1.034122748499 	 18.5980803839233
1294 	 0.993710286101345 	 18.4811037792442
1295 	 1.01898857439626 	 18.8320335932814
1296 	 0.982926130028987 	 18.51049790042
1297 	 1.02686586511975 	 19.007798440312
1298 	 0.98153758757811 	 18.6568686262748
1299 	 1.0078454069001 	 18.8032393521297
1300 	 1.00622108789281 	 18.9202159568087
1301 	 0.986081166772353 	 18.6568686262748
1302 	 1.00626989485869 	 18.7738452309539
1303 	 1 	 18.7738452309539
1304 	 1 	 18.7738452309539
1305 	 0.987538343558282 	 18.5398920215958
1306 	 0.968452727625704 	 17.9550089982004
1307 	 0.973940062142929 	 17.4871025794842
1308 	 1.03512743988199 	 18.1013797240553
1309 	 1.00646230323115 	 18.2183563287343
1310 	 0.983931511359895 	 17.9256148770247
1311 	 1.01633090154608 	 18.2183563287343
1312 	 1.00800131708923 	 18.3641271745652
1313 	 1 	 18.3641271745652
1314 	 0.982491098552902 	 18.0425914817037
1315 	 1.01133756691159 	 18.2471505698861
1316 	 1.0480965217963 	 19.1247750449911
1317 	 1.06878705184906 	 20.4403119376126
1318 	 0.987145624229618 	 20.1775644871027
1319 	 0.985491735045784 	 19.884823035393
1320 	 0.99119102208278 	 19.7096580683864
1321 	 1.00444363282201 	 19.7972405518897
1322 	 0.997060784194897 	 19.7390521895622
1323 	 0.98960644278985 	 19.5338932213558
1324 	 0.980560759143814 	 19.1541691661668
1325 	 0.974036955840902 	 18.6568686262748
1326 	 1.01880968457606 	 19.007798440312
1327 	 1.03077068736982 	 19.5926814637073
1328 	 1.00296990294235 	 19.6508698260349
1329 	 0.994047255632212 	 19.5338932213558
1330 	 0.967079200319381 	 18.890821835633
1331 	 0.990695754342511 	 18.7150569886024
1332 	 1.00939162766844 	 18.890821835633
1333 	 1.00155600012702 	 18.9202159568087
1334 	 1.02162333544705 	 19.3293341331735
1335 	 1 	 19.3293341331735
1336 	 1 	 19.3293341331735
1337 	 1 	 19.3293341331735
1338 	 1 	 19.3293341331735
1339 	 1 	 19.3293341331735
1340 	 1 	 19.3293341331735
1341 	 1.03478989510272 	 20.0017996400721
1342 	 1.05848303991842 	 21.1715656868627
1343 	 0.994474825036126 	 21.0545890821837
1344 	 1 	 21.0545890821837
1345 	 1 	 21.0545890821837
1346 	 1.06806655649895 	 22.4877024595082
1347 	 0.97268386373943 	 21.8734253149371
1348 	 0.983956339302855 	 21.5224955008999
1349 	 1.04621216344278 	 22.517096580684
1350 	 0.988304560954817 	 22.2537492501501
1351 	 1.02102595897242 	 22.7216556688663
1352 	 0.990997175066663 	 22.517096580684
1353 	 1.02336423699915 	 23.0431913617278
1354 	 0.991122796969776 	 22.8386322735454
1355 	 0.975677663374658 	 22.2831433713258
1356 	 0.975044419318365 	 21.7270545890823
1357 	 1.02288853916453 	 22.2243551289743
1358 	 1.00394083351328 	 22.3119376124776
1359 	 1.01836317685648 	 22.7216556688663
1360 	 0.980700689072524 	 22.2831433713258
1361 	 1.01049911161363 	 22.517096580684
1362 	 0.984414961636829 	 22.1661667666468
1363 	 0.994722740927174 	 22.0491901619677
1364 	 1.02916530634454 	 22.6922615476906
1365 	 1.04895844348102 	 23.8032393521297
1366 	 1.01106350806452 	 24.0665866826636
1367 	 1.00486053989382 	 24.1835632873426
1368 	 1.02177903457856 	 24.7102579484104
1369 	 1 	 24.7102579484104
1370 	 1 	 24.7102579484104
1371 	 0.982229559137697 	 24.2711457708459
1372 	 0.989174493326742 	 24.008398320336
1373 	 0.985383039328369 	 23.6574685062988
1374 	 0.964145345741309 	 22.8092381523696
1375 	 0.998711306314599 	 22.7798440311939
1376 	 0.988465792384263 	 22.517096580684
1377 	 1.00258418584825 	 22.5752849430115
1378 	 1.00387957377833 	 22.6628674265148
1379 	 1.00905264829667 	 22.8680263947212
1380 	 1.00508905852417 	 22.9844031193762
1381 	 0.984757927704554 	 22.634073185363
1382 	 1.02324348678805 	 23.1601679664068
1383 	 1.00251243265644 	 23.2183563287344
1384 	 1.04030487017181 	 24.1541691661669
1385 	 1.00968583136719 	 24.388122375525
1386 	 1 	 24.388122375525
1387 	 0.983224695609396 	 23.9790041991603
1388 	 1.00487829284767 	 24.0959808038393
1389 	 1 	 24.0959808038393
1390 	 1.01697868950408 	 24.5050989802041
1391 	 0.996425948592411 	 24.4175164967008
1392 	 0.996413128930818 	 24.3299340131975
1393 	 0.990384141229844 	 24.0959808038393
1394 	 1.02305317665804 	 24.6514697060589
1395 	 1.02491847958339 	 25.26574685063
1396 	 1.0069329027969 	 25.4409118176366
1397 	 1.01379391652912 	 25.7918416316738
1398 	 0.95692522386324 	 24.6808638272347
1399 	 0.992878496949663 	 24.5050989802041
1400 	 1.02386780905753 	 25.0899820035994
1401 	 1.00700537955768 	 25.26574685063
1402 	 1.01505294648369 	 25.6460707858429
1403 	 0.976047904191617 	 25.0317936412718
1404 	 1.01634394171779 	 25.4409118176366
1405 	 0.996557415703843 	 25.3533293341333
1406 	 1.00231875828128 	 25.4121175764848
1407 	 1.00228978801756 	 25.4703059388123
1408 	 1.01952471796321 	 25.9676064787044
1409 	 1.01801885048974 	 26.4355128974206
1410 	 1.03539983661614 	 27.3713257348531
1411 	 0.988230910844219 	 27.0491901619677
1412 	 1.04757046860793 	 28.3359328134374
1413 	 0.934986027606063 	 26.4937012597481
1414 	 1.02760104154874 	 27.2249550089983
1415 	 1.00643398554557 	 27.4001199760049
1416 	 1.02241877572467 	 28.014397120576
1417 	 1.04800856531049 	 29.3593281343732
1418 	 0.956193044828573 	 28.0731853629275
1419 	 0.987499465789136 	 27.7222555488903
1420 	 0.98100101702984 	 27.1955608878225
1421 	 1.00322046983567 	 27.2831433713258
1422 	 1.00965238231349 	 27.5464907018597
1423 	 1.00106707317073 	 27.5758848230355
1424 	 1 	 27.5758848230355
1425 	 1.00317605342731 	 27.6634673065388
1426 	 1.01585167515993 	 28.1019796040793
1427 	 0.994812790846604 	 27.9562087582485
1428 	 1.02300281097783 	 28.5992801439713
1429 	 1.02248557944415 	 29.2423515296942
1430 	 1.00601062629495 	 29.4181163767248
1431 	 1.00595432300163 	 29.5932813437314
1432 	 0.992094380929214 	 29.3593281343732
1433 	 0.998018062196069 	 29.3011397720457
1434 	 1.00597809397072 	 29.4763047390523
1435 	 0.982151942528034 	 28.9502099580085
1436 	 0.939390799834231 	 27.1955608878225
1437 	 0.913973750965038 	 24.8560287942413
1438 	 1.09412332569084 	 27.1955608878225
1439 	 1 	 27.1955608878225
1440 	 0.969890812837763 	 26.3767246550691
1441 	 1.00998408005458 	 26.640071985603
1442 	 1.00878200364791 	 26.8740251949611
1443 	 1.0087055514632 	 27.1079784043192
1444 	 0.990285246409524 	 26.8446310737854
1445 	 1.01307262569832 	 27.1955608878225
1446 	 1.01182309473916 	 27.517096580684
1447 	 0.957489481371673 	 26.3473305338933
1448 	 0.995560210377724 	 26.2303539292143
1449 	 0.98106389790971 	 25.7336532693462
1450 	 0.977271667676815 	 25.1487702459509
1451 	 0.991866040121175 	 24.9442111577685
1452 	 1.06916454235006 	 26.6694661067788
1453 	 1.00877232444105 	 26.9034193161369
1454 	 1.00760346057795 	 27.1079784043192
1455 	 0.979508287415079 	 26.5524895020997
1456 	 0.968054582834422 	 25.7042591481705
1457 	 0.996592685943663 	 25.6166766646672
1458 	 0.954335760953563 	 24.4469106178765
1459 	 1.05263416190219 	 25.7336532693462
1460 	 1.09091332929274 	 28.0731853629275
1461 	 0.979165776315227 	 27.4883023395322
1462 	 1.03829954389717 	 28.5410917816438
1463 	 1.01433435621506 	 28.9502099580085
1464 	 0.984852880232076 	 28.511697660468
1465 	 1.00307180879042 	 28.5992801439713
1466 	 0.996937598321972 	 28.511697660468
1467 	 0.982558017210545 	 28.014397120576
1468 	 1.03653104925054 	 29.0377924415118
1469 	 0.995971573771847 	 28.9208158368328
1470 	 0.924166683951795 	 26.7276544691063
1471 	 1.07002581079565 	 28.5992801439713
1472 	 1.02045097011012 	 29.1841631673666
1473 	 0.973956834532374 	 28.4241151769647
1474 	 1.0051284215858 	 28.5698860227955
1475 	 1.00205769957586 	 28.6286742651471
1476 	 1.00102673707149 	 28.6580683863228
1477 	 1.0448789064953 	 29.9442111577686
1478 	 1.01953242382355 	 30.5290941811639
1479 	 0.954020278236265 	 29.1253749250151
1480 	 1.05221206129511 	 30.6460707858429
1481 	 0.984731927887721 	 30.1781643671267
1482 	 1.01550480052478 	 30.6460707858429
1483 	 0.979016188071329 	 30.0029994001201
1484 	 0.9444366689993 	 28.3359328134374
1485 	 1.02271572529427 	 28.9796040791843
1486 	 1.03935084559813 	 30.1199760047992
1487 	 1.009699263095 	 30.4121175764848
1488 	 0.988460855671933 	 30.0611877624476
1489 	 1.02530332056194 	 30.8218356328735
1490 	 0.984818995718178 	 30.3539292141573
1491 	 1.0250395256917 	 31.1139772045592
1492 	 0.977442304355371 	 30.4121175764848
1493 	 0.986547527467108 	 30.0029994001201
1494 	 1.01169649105268 	 30.3539292141573
1495 	 1 	 30.3539292141573
1496 	 1 	 30.3539292141573
1497 	 1.00191699604743 	 30.4121175764848
1498 	 1.00193305323786 	 30.4709058188363
1499 	 0.998070676247662 	 30.4121175764848
1500 	 0.969228948458489 	 29.4763047390523
1501 	 0.972240877546452 	 28.6580683863228
1502 	 1.03060306030603 	 29.5350929814038
1503 	 0.899989844622728 	 26.5812837432514
1504 	 1 	 26.5812837432514
1505 	 0.96041614948884 	 25.5290941811639
1506 	 0.996545809150081 	 25.4409118176366
1507 	 0.988516859231313 	 25.1487702459509
1508 	 1.05464780669322 	 26.5230953809239
1509 	 0.997783507486317 	 26.4643071385724
1510 	 1.02101278447729 	 27.0203959208159
1511 	 1.00648269431432 	 27.1955608878225
1512 	 1.07956325135105 	 29.3593281343732
1513 	 0.975113399534142 	 28.6286742651471
1514 	 0.964252786857765 	 27.6052789442113
1515 	 1.0095180146899 	 27.8680263947212
1516 	 0.992659721026347 	 27.6634673065388
1517 	 0.996834001951643 	 27.5758848230355
1518 	 1.00211011768801 	 27.634073185363
1519 	 1.01376286198064 	 28.014397120576
1520 	 0.995824411134904 	 27.8974205158969
1521 	 1.00630039780669 	 28.0731853629275
1522 	 1.01874011709902 	 28.5992801439713
1523 	 0.989785002621919 	 28.3071385722856
1524 	 0.96280834110367 	 27.2543491301741
1525 	 1.00964056963 	 27.517096580684
1526 	 0.988315057443701 	 27.1955608878225
1527 	 0.969890812837763 	 26.3767246550691
1528 	 0.973390948373891 	 25.6748650269947
1529 	 1.00455607476636 	 25.7918416316738
1530 	 0.936504244679614 	 24.1541691661669
1531 	 1.04239413883025 	 25.1781643671267
1532 	 1.00578957400172 	 25.3239352129575
1533 	 1.01039914722255 	 25.5872825434914
1534 	 1.03200168800113 	 26.4061187762448
1535 	 0.987823439878234 	 26.0845830833834
1536 	 0.975323689717821 	 25.4409118176366
1537 	 0.97587833058241 	 24.8272345530895
1538 	 1.02471790658903 	 25.4409118176366
1539 	 1.00346616364065 	 25.5290941811639
1540 	 1.00570998895599 	 25.6748650269947
1541 	 1.01140186915888 	 25.9676064787044
1542 	 0.96846701164295 	 25.1487702459509
1543 	 1.03139088328602 	 25.9382123575286
1544 	 0.992113601147113 	 25.7336532693462
1545 	 1.02158608792951 	 26.2891421715658
1546 	 0.991100766703176 	 26.0551889622076
1547 	 0.969701155776581 	 25.26574685063
1548 	 0.950235053896196 	 24.008398320336
1549 	 1.01339263405127 	 24.3299340131974
1550 	 1.00239163666847 	 24.388122375525
1551 	 1.01438937400074 	 24.7390521895622
1552 	 1.02601842870999 	 25.382723455309
1553 	 0.987332498286579 	 25.0611877624476
1554 	 0.988318931469469 	 24.7684463107379
1555 	 1.0673060621473 	 26.4355128974206
1556 	 1.01658800036308 	 26.8740251949611
1557 	 0.993459675439184 	 26.6982603479305
1558 	 0.972632903428751 	 25.9676064787043
1559 	 1.00450471262244 	 26.0845830833834
1560 	 0.975323689717821 	 25.4409118176366
1561 	 1.01379391652912 	 25.7918416316737
1562 	 1.011350156995 	 26.0845830833834
1563 	 1.01681116758273 	 26.5230953809239
1564 	 1 	 26.5230953809239
1565 	 0.959198443931786 	 25.4409118176366
1566 	 0.977010139118133 	 24.8560287942412
1567 	 1.00323398093399 	 24.9364127174566
1568 	 0.981115735283504 	 24.4655068986204
1569 	 1.01203903491565 	 24.760047990402
1570 	 0.990478497880073 	 24.5242951409719
1571 	 0.962844283547772 	 23.6130773845232
1572 	 1.01493788583187 	 23.9658068386323
1573 	 0.973016945758554 	 23.3191361727655
1574 	 1.02773133022921 	 23.9658068386323
1575 	 1.00490600986208 	 24.0833833233354
1576 	 1.02074874834981 	 24.5830833833234
1577 	 0.976085895558809 	 23.9952009598081
1578 	 0.988975 	 23.7306538692262
1579 	 1.0148638742132 	 24.0833833233354
1580 	 1.02563080678506 	 24.7006598680265
1581 	 0.990479891198757 	 24.4655068986204
1582 	 1.00720870929776 	 24.6418716256749
1583 	 1.02388139636789 	 25.2303539292142
1584 	 1.09905133265175 	 27.7294541091782
1585 	 1.01168199026501 	 28.0533893221357
1586 	 0.971688228375922 	 27.259148170366
1587 	 0.979511894544574 	 26.7006598680265
1588 	 1 	 26.7006598680265
1589 	 1 	 26.7006598680265
1590 	 1 	 26.7006598680265
1591 	 1 	 26.7006598680265
1592 	 1 	 26.7006598680265
1593 	 1 	 26.7006598680265
1594 	 1 	 26.7006598680265
1595 	 1.01321051449113 	 27.0533893221357
1596 	 1 	 27.0533893221357
1597 	 0.981529114373143 	 26.5536892621477
1598 	 0.977838021009827 	 25.9652069586084
1599 	 0.970566491082155 	 25.2009598080385
1600 	 0.982504165674839 	 24.760047990402
1601 	 1.01899454875833 	 25.2303539292142
1602 	 0.997669939846406 	 25.1715656868627
1603 	 0.998832248993113 	 25.1421715656869
1604 	 0.982439396831456 	 24.7006598680265
1605 	 1 	 24.7006598680265
1606 	 0.972629687196425 	 24.0245950809839
1607 	 0.99632949636695 	 23.9364127174566
1608 	 1.00614004310561 	 24.0833833233354
1609 	 1.02563080678506 	 24.7006598680265
1610 	 0.976199727996891 	 24.1127774445112
1611 	 0.987809732311673 	 23.8188362327535
1612 	 1.01357477459326 	 24.1421715656869
1613 	 1.00365262765561 	 24.2303539292142
1614 	 1.01698356110121 	 24.6418716256749
1615 	 1.01791713325868 	 25.0833833233354
1616 	 0.982398239823982 	 24.6418716256749
1617 	 1.00837431228395 	 24.8482303539293
1618 	 1.00591473130221 	 24.9952009598081
1619 	 1.04233566131471 	 26.0533893221357
1620 	 1.01468996799521 	 26.4361127774446
1621 	 1.02779731784247 	 27.1709658068387
1622 	 0.916677705656378 	 24.9070185962808
1623 	 0.964571290944123 	 24.0245950809839
1624 	 1.01590551574321 	 24.4067186562688
1625 	 1 	 24.4067186562688
1626 	 0.990365236199184 	 24.1715656868627
1627 	 1.00608030972353 	 24.3185362927415
1628 	 1.02419891955894 	 24.9070185962808
1629 	 0.985814065510597 	 24.5536892621477
1630 	 1 	 24.5536892621477
1631 	 1 	 24.5536892621477
1632 	 0.979648677041851 	 24.0539892021597
1633 	 1.00244401217018 	 24.1127774445112
1634 	 0.998780973231167 	 24.0833833233354
1635 	 0.974369193214935 	 23.4661067786444
1636 	 0.900991870750038 	 21.1427714457109
1637 	 1.02922400340474 	 21.760647870426
1638 	 1.02971743625086 	 22.4073185362928
1639 	 0.993440955211094 	 22.260347930414
1640 	 0.981513420286731 	 21.8488302339533
1641 	 1.01748942946571 	 22.2309538092382
1642 	 0.976173129334305 	 21.7012597480505
1643 	 1.01357253427687 	 21.9958008398321
1644 	 0.97190934627867 	 21.377924415117
1645 	 1.04540225047002 	 22.3485302939413
1646 	 1 	 22.3485302939413
1647 	 1.00263051939337 	 22.4073185362928
1648 	 0.992129146253313 	 22.2309538092382
1649 	 0.974850913408349 	 21.6718656268747
1650 	 1 	 21.6718656268747
1651 	 0.960666537492734 	 20.8194361127775
1652 	 0.984469544171037 	 20.4961007798441
1653 	 0.964117423244651 	 19.760647870426
1654 	 1.02680550074375 	 20.2903419316137
1655 	 0.899982261116367 	 18.260947810438
1656 	 1.03544561610985 	 18.9082183563288
1657 	 0.964213197969543 	 18.2315536892622
1658 	 0.935476441168729 	 17.0551889622076
1659 	 0.98965917484436 	 16.878824235153
1660 	 1.02789920744927 	 17.3497300539893
1661 	 0.991494364151857 	 17.2021595680864
1662 	 1.02395731622263 	 17.6142771445711
1663 	 0.981643565030821 	 17.2909418116377
1664 	 1.0033999444907 	 17.3497300539893
1665 	 1.04404951248185 	 18.1139772045591
1666 	 0.987018148099086 	 17.878824235153
1667 	 1.01972889545028 	 18.2315536892622
1668 	 1.05323769413003 	 19.2021595680864
1669 	 1.01071540143705 	 19.4079184163168
1670 	 1.03634902481995 	 20.1133773245352
1671 	 1.02341256822452 	 20.5842831433714
1672 	 0.979979017310719 	 20.1721655668867
1673 	 0.928569304427989 	 18.7312537492502
1674 	 0.989015212169736 	 18.5254949010199
1675 	 1.07460656693219 	 19.9076184763048
1676 	 0.968992948833846 	 19.2903419316137
1677 	 1.00914264390335 	 19.4667066586683
1678 	 1 	 19.4667066586683
1679 	 1 	 19.4667066586683
1680 	 0.962219962404857 	 18.7312537492502
1681 	 0.956060848678943 	 17.9082183563288
1682 	 1.02462064114159 	 18.3491301739653
1683 	 0.961553550411926 	 17.6436712657469
1684 	 1.00499796001632 	 17.7318536292742
1685 	 1.00497310463818 	 17.8200359928015
1686 	 1.00989699050697 	 17.9964007198561
1687 	 0.950966666666667 	 17.1139772045591
1688 	 0.967366539310877 	 16.5554889022196
1689 	 1.01065294586564 	 16.7318536292742
1690 	 1.00175677613653 	 16.76124775045
1691 	 1.04387817186214 	 17.4967006598681
1692 	 0.998320019199781 	 17.4673065386923
1693 	 1.04543581289924 	 18.260947810438
1694 	 0.996780657665648 	 18.2021595680864
1695 	 1 	 18.2021595680864
1696 	 0.98546617012161 	 17.9376124775045
1697 	 0.957360711658083 	 17.1727654469107
1698 	 1.01030495685891 	 17.3497300539893
1699 	 1 	 17.3497300539893
1700 	 1.02541318027799 	 17.7906418716257
1701 	 1.0016522237583 	 17.8200359928015
1702 	 1.01319598734262 	 18.0551889622076
1703 	 1.00651206060203 	 18.1727654469107
1704 	 1.0986994124249 	 19.9664067186563
1705 	 1.07658334334816 	 21.4955008998201
1706 	 0.997265090838054 	 21.4367126574686
1707 	 0.986287952987267 	 21.1427714457109
1708 	 0.98609731876862 	 20.8488302339533
1709 	 0.998590130916415 	 20.8194361127775
1710 	 0.99717628075837 	 20.760647870426
1711 	 1.01557443365696 	 21.0839832033594
1712 	 0.997211710814579 	 21.0251949610079
1713 	 1.00699021370082 	 21.1721655668867
1714 	 0.993058310194367 	 21.0251949610079
1715 	 1.0153784701418 	 21.3485302939413
1716 	 0.983477576711251 	 20.9958008398321
1717 	 0.9916 	 20.8194361127775
1718 	 1.06920993488158 	 22.260347930414
1719 	 0.969602242104129 	 21.5836832633474
1720 	 0.986381322957198 	 21.2897420515897
1721 	 0.984812623274162 	 20.9664067186563
1722 	 1.0238333667134 	 21.4661067786443
1723 	 1.06027833668679 	 22.760047990402
1724 	 1.03102184971403 	 23.4661067786443
1725 	 0.972416790224449 	 22.8188362327535
1726 	 1.02450116985199 	 23.377924415117
1727 	 0.993687613866721 	 23.2303539292142
1728 	 1.00255648805681 	 23.2897420515897
1729 	 0.970945806717494 	 22.6130773845232
1730 	 0.99740025466893 	 22.5542891421716
1731 	 1.00130326081175 	 22.5836832633474
1732 	 0.994793741865222 	 22.4661067786443
1733 	 1.00523350511335 	 22.5836832633474
1734 	 1.01301564533695 	 22.877624475105
1735 	 1.03600178304534 	 23.7012597480505
1736 	 0.987598076436345 	 23.4073185362928
1737 	 1.01004613018965 	 23.6424715056989
1738 	 0.996270171521364 	 23.5542891421716
1739 	 0.968776263848211 	 22.8188362327535
1740 	 1 	 22.8188362327535
1741 	 0.992271090196903 	 22.6424715056989
1742 	 0.957133395151676 	 21.6718656268747
1743 	 1.01494726935533 	 21.9958008398321
1744 	 0.957209479913819 	 21.0545890821836
1745 	 1 	 21.0545890821836
1746 	 0.967889908256881 	 20.378524295141
1747 	 1.02163610138059 	 20.8194361127775
1748 	 1 	 20.8194361127775
1749 	 1 	 20.8194361127775
1750 	 1.00847115772489 	 20.9958008398321
1751 	 1.0182 	 21.377924415117
1752 	 1.00962482812807 	 21.5836832633474
1753 	 1.0585881045025 	 22.8482303539293
1754 	 0.996140516698173 	 22.760047990402
1755 	 0.980627816873567 	 22.3191361727655
1756 	 1 	 22.3191361727655
1757 	 1 	 22.3191361727655
1758 	 0.994732032467882 	 22.2015596880625
1759 	 0.990732234531208 	 21.9958008398321
1760 	 1.00668175743857 	 22.1427714457109
1761 	 0.993362592110967 	 21.9958008398321
1762 	 0.995990945536859 	 21.9076184763048
1763 	 0.98789704271632 	 21.6424715056989
1764 	 1.01225123343866 	 21.9076184763048
1765 	 1 	 21.9076184763048
1766 	 0.962404162102957 	 21.0839832033594
1767 	 1.00139414459271 	 21.1133773245352
1768 	 0.993038981702466 	 20.9664067186563
1769 	 0.995794111756459 	 20.878224355129
1770 	 1.01407884151247 	 21.1721655668867
1771 	 1.05556185187284 	 22.3485302939413
1772 	 1.04737619111529 	 23.4073185362928
1773 	 1 	 23.4073185362928
1774 	 0.977370579190159 	 22.877624475105
1775 	 0.997430317014972 	 22.8188362327535
1776 	 0.993559241830753 	 22.6718656268747
1777 	 0.972773456104143 	 22.0545890821836
1778 	 0.959989120087039 	 21.1721655668867
1779 	 1.01110670368901 	 21.4073185362928
1780 	 0.986269125147116 	 21.1133773245352
1781 	 0.994431185361973 	 20.9958008398321
1782 	 0.9776 	 20.5254949010199
1783 	 0.954144259995324 	 19.5842831433714
1784 	 0.986491867552914 	 19.3197360527895
1785 	 1.07153946469602 	 20.7018596280744
1786 	 0.987221095334685 	 20.4373125374926
1787 	 0.900701517508586 	 18.4079184163168
1788 	 1.03356579547676 	 19.0257948410318
1789 	 0.928900239626687 	 17.6730653869227
1790 	 0.990020705339262 	 17.4967006598681
1791 	 0.993280076799122 	 17.379124175165
1792 	 1.03382693037865 	 17.9670065986803
1793 	 1.04253614236586 	 18.7312537492502
1794 	 0.985876701361089 	 18.4667066586683
1795 	 0.98408264033264 	 18.1727654469107
1796 	 1.01779230210603 	 18.4961007798441
1797 	 0.979340317192618 	 18.1139772045591
1798 	 1.00324546297523 	 18.1727654469107
1799 	 1.02264474813494 	 18.5842831433714
1800 	 1.03324725629438 	 19.2021595680864
1801 	 0.996938456732271 	 19.1433713257349
1802 	 1.0138192529456 	 19.4079184163168
1803 	 1.00605817080333 	 19.5254949010198
1804 	 0.974407815908323 	 19.0257948410318
1805 	 1.00617984613444 	 19.1433713257349
1806 	 1.01689019804462 	 19.4667066586683
1807 	 1.01207975100921 	 19.7018596280744
1808 	 1.02088725146911 	 20.1133773245351
1809 	 0.986847206895523 	 19.8488302339533
1810 	 1.00296179883946 	 19.9076184763048
1811 	 1.00295305249201 	 19.9664067186563
1812 	 1.00294435764932 	 20.0251949610079
1813 	 1.00733928464442 	 20.1721655668867
1814 	 0.989799863205162 	 19.9664067186563
1815 	 0.985278211753395 	 19.6724655068987
1816 	 0.991034945416845 	 19.4961007798441
1817 	 1.00904615384615 	 19.6724655068987
1818 	 0.997011648472281 	 19.6136772645471
1819 	 1 	 19.6136772645471
1820 	 0.995504037191094 	 19.5254949010198
1821 	 0.996989154812744 	 19.4667066586683
1822 	 1.01358971988537 	 19.7312537492502
1823 	 0.994041104219871 	 19.6136772645471
1824 	 1.01198923415708 	 19.8488302339533
1825 	 1 	 19.8488302339533
1826 	 1 	 19.8488302339533
1827 	 0.970382011605416 	 19.260947810438
1828 	 0.986265105269715 	 18.9964007198561
1829 	 0.990715887201187 	 18.8200359928015
1830 	 0.968731074490804 	 18.2315536892622
1831 	 1.06452355883127 	 19.4079184163168
1832 	 0.990912743795011 	 19.2315536892622
1833 	 1.01528431953586 	 19.5254949010199
1834 	 1.00150542259363 	 19.5548890221956
1835 	 0.974446285048162 	 19.0551889622076
1836 	 1.00154257830946 	 19.0845830833834
1837 	 1.02926384610549 	 19.6430713857229
1838 	 0.979050236677355 	 19.2315536892622
1839 	 0.993886272185658 	 19.1139772045591
1840 	 1.00307566770235 	 19.1727654469107
1841 	 0.996933763023685 	 19.1139772045591
1842 	 1 	 19.1139772045591
1843 	 1 	 19.1139772045591
1844 	 1 	 19.1139772045591
1845 	 1 	 19.1139772045591
1846 	 1 	 19.1139772045591
1847 	 1 	 19.1139772045591
1848 	 0.899978030944983 	 17.2021595680864
1849 	 0.989747524061933 	 17.0257948410318
1850 	 1.00517933901769 	 17.1139772045591
1851 	 0.98110694381156 	 16.7906418716257
1852 	 1.00875312611647 	 16.9376124775045
1853 	 1.00173543474411 	 16.9670065986803
1854 	 1.05200820251732 	 17.8494301139772
1855 	 0.995059653839691 	 17.76124775045
1856 	 1.00661983247771 	 17.878824235153
1857 	 1.01479667158771 	 18.1433713257349
1858 	 0.975698462555795 	 17.7024595080984
1859 	 1.00830227041681 	 17.8494301139772
1860 	 1.0181146025878 	 18.1727654469107
1861 	 0.996765035980722 	 18.1139772045591
1862 	 1.00973638892569 	 18.2903419316137
1863 	 1.00321416857986 	 18.3491301739652
1864 	 0.990388387602982 	 18.1727654469107
1865 	 1 	 18.1727654469107
1866 	 1 	 18.1727654469107
1867 	 1.00323496401928 	 18.2315536892622
1868 	 1.00644906554356 	 18.3491301739652
1869 	 0.966359356610435 	 17.7318536292742
1870 	 1.00331540309212 	 17.7906418716257
1871 	 0.998347776241697 	 17.7612477504499
1872 	 0.995035125641719 	 17.6730653869227
1873 	 0.978378194901734 	 17.2909418116377
1874 	 1.02719955592562 	 17.76124775045
1875 	 0.998345041880573 	 17.7318536292742
1876 	 1.01491931391454 	 17.9964007198561
1877 	 0.9951 	 17.9082183563288
1878 	 0.998358623923894 	 17.878824235153
1879 	 1.05099986578983 	 18.7906418716257
1880 	 0.99843570425233 	 18.7612477504499
1881 	 1.00783373301359 	 18.9082183563288
1882 	 0.968876903553299 	 18.3197360527895
1883 	 1.02246307999607 	 18.7312537492502
1884 	 0.998430744595676 	 18.7018596280744
1885 	 1 	 18.7018596280744
1886 	 1.00317551963049 	 18.7612477504499
1887 	 0.990567545963229 	 18.5842831433714
1888 	 0.979438347320852 	 18.2021595680864
1889 	 0.982236430148634 	 17.878824235153
1890 	 1 	 17.878824235153
1891 	 1 	 17.878824235153
1892 	 0.988491477654006 	 17.6730653869227
1893 	 0.986694273785683 	 17.4379124175165
1894 	 1.00842822250507 	 17.5848830233954
1895 	 1.03008801255373 	 18.1139772045591
1896 	 0.9886408795867 	 17.9082183563288
1897 	 1 	 17.9082183563288
1898 	 1.00492412822832 	 17.9964007198561
1899 	 0.9804 	 17.6436712657469
1900 	 0.993336053311574 	 17.5260947810438
1901 	 1.04025191675794 	 18.2315536892622
1902 	 1.00644906554356 	 18.3491301739652
1903 	 0.995194193801491 	 18.260947810438
1904 	 0.993561315331296 	 18.1433713257349
1905 	 1.00648040998512 	 18.260947810438
1906 	 1.01931605400611 	 18.6136772645471
1907 	 1.00315833575043 	 18.6724655068987
1908 	 1.00475471455649 	 18.7612477504499
1909 	 1.03603517186251 	 19.4373125374925
1910 	 1 	 19.4373125374925
1911 	 1 	 19.4373125374925
1912 	 1.00604900932041 	 19.5548890221956
1913 	 0.977452604454261 	 19.1139772045591
1914 	 0.987697329190597 	 18.878824235153
1915 	 0.993772044104096 	 18.7612477504499
1916 	 1.00626698641087 	 18.878824235153
1917 	 0.992183279844937 	 18.7312537492502
1918 	 1.01101681345076 	 18.9376124775045
1919 	 1.02017802274383 	 19.3197360527895
1920 	 1.00456436688816 	 19.4079184163168
1921 	 0.971223688684203 	 18.8494301139773
1922 	 0.967220418814843 	 18.2315536892622
1923 	 1.00644906554356 	 18.3491301739653
1924 	 0.993592258401988 	 18.2315536892622
1925 	 0.996775467228218 	 18.1727654469107
1926 	 1.00323496401928 	 18.2315536892622
1927 	 1.01451039747302 	 18.4961007798441
1928 	 0.996821587260403 	 18.4373125374925
1929 	 0.984057263705873 	 18.1433713257349
1930 	 1 	 18.1433713257349
1931 	 1 	 18.1433713257349
1932 	 0.993519590014879 	 18.0257948410318
1933 	 1.02282937868149 	 18.4373125374926
1934 	 1.03988937693184 	 19.1727654469107
1935 	 0.996933763023685 	 19.1139772045591
1936 	 0.996924332297649 	 19.0551889622076
1937 	 1.00462773492838 	 19.1433713257349
1938 	 0.998464527450489 	 19.1139772045591
1939 	 0.984621661488247 	 18.8200359928015
1940 	 0.996876294903261 	 18.76124775045
1941 	 1.02820143884892 	 19.2903419316137
1942 	 1.00609509593557 	 19.4079184163168
1943 	 1 	 19.4079184163168
1944 	 0.993941829196674 	 19.2903419316137
1945 	 0.990857356096651 	 19.1139772045591
1946 	 1.0184540062141 	 19.4667066586683
1947 	 1.00905981325691 	 19.6430713857229
1948 	 1.07485112230875 	 21.1133773245351
1949 	 0.994431185361973 	 20.9958008398321
1950 	 1.03642857142857 	 21.760647870426
1951 	 0.986464507236389 	 21.4661067786443
1952 	 1.02467583277442 	 21.9958008398321
1953 	 0.997327297024572 	 21.9370125974806
1954 	 0.994640269080369 	 21.8194361127775
1955 	 1.05792758364721 	 23.0833833233354
1956 	 0.968165280665281 	 22.3485302939413
1957 	 0.993423701516575 	 22.2015596880624
1958 	 0.996028100513375 	 22.1133773245351
1959 	 0.969400211594282 	 21.4367126574686
1960 	 1.00959843290891 	 21.6424715056989
1961 	 1.00271633682577 	 21.7012597480504
1962 	 1.0108635559487 	 21.9370125974806
1963 	 1.00669966364954 	 22.0839832033594
1964 	 0.997337969250829 	 22.0251949610079
1965 	 0.990658023749864 	 21.8194361127775
1966 	 0.987848129106755 	 21.5542891421716
1967 	 1.01502880520999 	 21.878224355129
1968 	 1 	 21.878224355129
1969 	 0.99596940034548 	 21.7900419916017
1970 	 1.00944279264398 	 21.9958008398321
1971 	 0.96817301660894 	 21.2957408518297
1972 	 0.97887323943662 	 20.8458308338333
1973 	 1.01007194244604 	 21.0557888422316
1974 	 0.988603988603989 	 20.8158368326335
1975 	 1.0014409221902 	 20.8458308338333
1976 	 1.0158273381295 	 21.1757648470306
1977 	 1.0056657223796 	 21.2957408518297
1978 	 1.01408450704225 	 21.5956808638273
1979 	 1.0375 	 22.4055188962208
1980 	 1.02141900937082 	 22.885422915417
1981 	 0.996068152031455 	 22.7954409118177
1982 	 1.01973684210526 	 23.2453509298141
1983 	 0.981935483870968 	 22.8254349130175
1984 	 0.994743758212878 	 22.7054589082184
1985 	 0.97886393659181 	 22.2255548890223
1986 	 1.00269905533063 	 22.2855428914218
1987 	 0.993270524899058 	 22.135572885423
1988 	 1.0230352303523 	 22.6454709058189
1989 	 0.982781456953642 	 22.255548890222
1990 	 1 	 22.255548890222
1991 	 0.975741239892183 	 21.7156568686263
1992 	 1.01104972375691 	 21.9556088782244
1993 	 1.02185792349727 	 22.4355128974206
1994 	 0.995989304812834 	 22.3455308938213
1995 	 0.989261744966443 	 22.1055788842232
1996 	 0.990502035278155 	 21.8956208758249
1997 	 1.01506849315069 	 22.2255548890223
1998 	 0.998650472334683 	 22.1955608878225
1999 	 1.01621621621622 	 22.5554889022196
2000 	 0.984042553191489 	 22.1955608878225
2001 	 0.995945945945946 	 22.1055788842232
2002 	 0.959294436906377 	 21.2057588482304
2003 	 1.00707213578501 	 21.3557288542292
2004 	 1.00561797752809 	 21.4757048590283
2005 	 0.960893854748603 	 20.635872825435
2006 	 1.01017441860465 	 20.8458308338333
2007 	 0.979856115107914 	 20.4259148170367
2008 	 1.02349486049927 	 20.9058188362328
2009 	 1 	 20.9058188362328
2010 	 1.03156384505022 	 21.5656868626275
2011 	 1 	 21.5656868626275
2012 	 0.995827538247566 	 21.4757048590283
2013 	 1.05167597765363 	 22.5854829034194
2014 	 0.99203187250996 	 22.4055188962208
2015 	 1.0053547523427 	 22.5254949010199
2016 	 0.972037283621838 	 21.8956208758249
2017 	 1.0013698630137 	 21.9256148770247
2018 	 1.00820793433653 	 22.1055788842232
2019 	 1 	 22.1055788842232
2020 	 1.04477611940298 	 23.0953809238153
2021 	 0.987012987012987 	 22.7954409118177
2022 	 1 	 22.7954409118177
2023 	 0.971052631578947 	 22.135572885423
2024 	 1.00948509485095 	 22.3455308938213
2025 	 1 	 22.3455308938213
2026 	 1 	 22.3455308938213
2027 	 0.958389261744966 	 21.4157168566287
2028 	 1.00560224089636 	 21.5356928614278
2029 	 0.991643454038997 	 21.3557288542292
2030 	 1.0435393258427 	 22.2855428914218
2031 	 0.990578734858681 	 22.0755848830235
2032 	 1.01630434782609 	 22.4355128974206
2033 	 1.00401069518717 	 22.5254949010199
2034 	 0.982689747003995 	 22.135572885423
2035 	 1.01084010840108 	 22.3755248950211
2036 	 0.986595174262735 	 22.0755848830235
2037 	 0.974184782608696 	 21.505698860228
2038 	 0.99302649930265 	 21.3557288542292
2039 	 0.997191011235955 	 21.2957408518297
2040 	 0.997183098591549 	 21.2357528494302
2041 	 1.0183615819209 	 21.6256748650271
2042 	 0.973647711511789 	 21.0557888422316
2043 	 0.977207977207977 	 20.5758848230355
2044 	 1.0131195335277 	 20.8458308338333
2045 	 0.992805755395683 	 20.6958608278345
2046 	 0.960869565217391 	 19.886022795441
2047 	 0.980392156862745 	 19.4961007798441
2048 	 1.00153846153846 	 19.5260947810438
2049 	 0.990783410138249 	 19.3461307738453
2050 	 0.90077519379845 	 17.4265146970606
2051 	 0.987951807228916 	 17.2165566886623
2052 	 0.994773519163763 	 17.126574685063
2053 	 1.00875656742557 	 17.2765446910618
2054 	 0.998263888888889 	 17.2465506898621
2055 	 1.00869565217391 	 17.3965206958609
2056 	 1.00172413793103 	 17.4265146970606
2057 	 0.97934595524957 	 17.0665866826635
2058 	 1.00527240773286 	 17.1565686862628
2059 	 0.968531468531469 	 16.6166766646671
2060 	 0.963898916967509 	 16.0167966406719
2061 	 1.00374531835206 	 16.0767846430714
2062 	 1 	 16.0767846430714
2063 	 1.00186567164179 	 16.1067786442712
2064 	 1.00186219739292 	 16.136772645471
2065 	 1.05204460966543 	 16.9766046790642
2066 	 1.03180212014134 	 17.5164967006599
2067 	 0.955479452054795 	 16.7366526694662
2068 	 1.01433691756272 	 16.9766046790642
2069 	 1.03180212014134 	 17.5164967006599
2070 	 0.979452054794521 	 17.1565686862628
2071 	 1.02097902097902 	 17.5164967006599
2072 	 0.996575342465753 	 17.4565086982604
2073 	 1.00343642611684 	 17.5164967006599
2074 	 0.998287671232877 	 17.4865026994602
2075 	 0.993138936535163 	 17.3665266946611
2076 	 1.00690846286701 	 17.4865026994602
2077 	 1.00343053173242 	 17.5464907018597
2078 	 0.981196581196581 	 17.2165566886623
2079 	 0.994773519163763 	 17.126574685063
2080 	 0.996497373029772 	 17.0665866826635
2081 	 0.996485061511424 	 17.006598680264
2082 	 1.02645502645503 	 17.4565086982604
2083 	 1.01374570446735 	 17.6964607078585
2084 	 1.00847457627119 	 17.8464307138573
BEST(tc= 0  ,Final return:  17.8464307138573
------------------
