------------------
Parameters [tc: 0 ]
day	 Daily Return	 Total return
1 	 1.04651 	 1.04651
2 	 1.04444 	 1.0930169044
3 	 0.946809 	 1.03487824223806
4 	 0.977528 	 1.01162245837849
5 	 0.954023 	 0.965111092609618
6 	 0.975904 	 0.941855775722097
7 	 1.03704 	 0.976742113654843
8 	 1 	 0.976742113654843
9 	 1.07143 	 1.04651080283321
10 	 0.955556 	 0.999999676712089
11 	 1 	 0.999999676712089
12 	 0.976744 	 0.976743684230473
13 	 0.976191 	 0.95348839385263
14 	 1 	 0.95348839385263
15 	 1.02439 	 0.976743975778695
16 	 1.03571 	 1.01162350315375
17 	 1.05747 	 1.06976150588
18 	 1 	 1.06976150588
19 	 1.05435 	 1.12790304372458
20 	 1.15464 	 1.30232197040615
21 	 1.10714 	 1.44185274631546
22 	 0.870968 	 1.25580760275288
23 	 0.944444 	 1.18603995557434
24 	 0.862745 	 1.02325004147199
25 	 1.20454 	 1.23254560495467
26 	 1.09434 	 1.34882395732609
27 	 0.982759 	 1.32556888347783
28 	 0.877193 	 1.16277974560457
29 	 1.04 	 1.20929093542875
30 	 1.01923 	 1.23254560011705
31 	 0.981132 	 1.20928992973404
32 	 1.03846 	 1.25579922043161
33 	 0.962963 	 1.20928818470448
34 	 0.961538 	 1.16277654254438
35 	 1 	 1.16277654254438
36 	 1.06 	 1.23254313509704
37 	 1.0566 	 1.30230507654354
38 	 1 	 1.30230507654354
39 	 1.01786 	 1.3255642452106
40 	 1 	 1.3255642452106
41 	 1.05263 	 1.39532869143604
42 	 0.933333 	 1.30230631356407
43 	 1.01786 	 1.32556550432433
44 	 0.982456 	 1.30230978311646
45 	 1.03571 	 1.34881526547155
46 	 0.948276 	 1.2790491446803
47 	 1.01818 	 1.30230225813059
48 	 0.982143 	 1.27904704670715
49 	 1.03636 	 1.32555319732542
50 	 1 	 1.32555319732542
51 	 0.982456 	 1.30229769203154
52 	 1.01786 	 1.32555672881123
53 	 0.982456 	 1.30230116156096
54 	 1 	 1.30230116156096
55 	 1.01786 	 1.32556026030644
56 	 0.982456 	 1.30230463109963
57 	 1.01786 	 1.32556379181106
58 	 1 	 1.32556379181106
59 	 1 	 1.32556379181106
60 	 1 	 1.32556379181106
61 	 0.912281 	 1.20928666155719
62 	 1 	 1.20928666155719
63 	 0.980769 	 1.18603086976878
64 	 0.941176 	 1.1162637898855
65 	 1.02083 	 1.13951556462882
66 	 1.02041 	 1.16277307730289
67 	 1 	 1.16277307730289
68 	 1 	 1.16277307730289
69 	 1 	 1.16277307730289
70 	 1 	 1.16277307730289
71 	 1 	 1.16277307730289
72 	 1 	 1.16277307730289
73 	 1 	 1.16277307730289
74 	 0.92 	 1.06975123111866
75 	 1 	 1.06975123111866
76 	 1 	 1.06975123111866
77 	 1 	 1.06975123111866
78 	 1.03261 	 1.10463581876544
79 	 0.968421 	 1.06975252424465
80 	 1 	 1.06975252424465
81 	 1 	 1.06975252424465
82 	 1 	 1.06975252424465
83 	 1.02174 	 1.09300894412173
84 	 1.08511 	 1.18603493535593
85 	 0.921569 	 1.09301302934103
86 	 0.978723 	 1.06975699111574
87 	 1 	 1.06975699111574
88 	 1 	 1.06975699111574
89 	 1 	 1.06975699111574
90 	 1 	 1.06975699111574
91 	 1 	 1.06975699111574
92 	 1 	 1.06975699111574
93 	 1 	 1.06975699111574
94 	 1 	 1.06975699111574
95 	 1 	 1.06975699111574
96 	 1 	 1.06975699111574
97 	 1.01087 	 1.08138524960917
98 	 0.989247 	 1.06975711402012
99 	 1 	 1.06975711402012
100 	 1 	 1.06975711402012
101 	 1.04348 	 1.11627015333771
102 	 1.04167 	 1.1627851306273
103 	 0.94 	 1.09301802278966
104 	 1.04255 	 1.13952593965936
105 	 0.959184 	 1.09301504890622
106 	 1 	 1.09301504890622
107 	 1 	 1.09301504890622
108 	 1 	 1.09301504890622
109 	 1 	 1.09301504890622
110 	 1.06383 	 1.16278219947791
111 	 0.96 	 1.11627091149879
112 	 1 	 1.11627091149879
113 	 1 	 1.11627091149879
114 	 0.958333 	 1.06975925142937
115 	 1.02174 	 1.09301581755544
116 	 1 	 1.09301581755544
117 	 1 	 1.09301581755544
118 	 1 	 1.09301581755544
119 	 1.02128 	 1.11627519415302
120 	 0.979167 	 1.09301983303323
121 	 0.978723 	 1.06976365004579
122 	 1 	 1.06976365004579
123 	 0.978261 	 1.04650805805744
124 	 1.02222 	 1.06976146710748
125 	 0.978261 	 1.04650592257403
126 	 0.988889 	 1.03487819526831
127 	 1.03371 	 1.0697639392308
128 	 0.978261 	 1.04650834095586
129 	 1 	 1.04650834095586
130 	 1 	 1.04650834095586
131 	 1 	 1.04650834095586
132 	 1 	 1.04650834095586
133 	 1 	 1.04650834095586
134 	 0.988889 	 1.0348805867795
135 	 0.988764 	 1.02325266850645
136 	 1.02273 	 1.0465112016616
137 	 1 	 1.0465112016616
138 	 1 	 1.0465112016616
139 	 1 	 1.0465112016616
140 	 1 	 1.0465112016616
141 	 1 	 1.0465112016616
142 	 1.02222 	 1.06976468056252
143 	 1.02174 	 1.09302136471795
144 	 0.978723 	 1.06976514914085
145 	 0.956522 	 1.0232538999865
146 	 1 	 1.0232538999865
147 	 1 	 1.0232538999865
148 	 0.954545 	 0.976741893962614
149 	 1 	 0.976741893962614
150 	 1 	 0.976741893962614
151 	 0.904762 	 0.883718949465402
152 	 0.947368 	 0.837207053717139
153 	 1.02778 	 0.860464665669401
154 	 1.08108 	 0.930231140761876
155 	 1.025 	 0.953486919280923
156 	 0.97561 	 0.930231373319661
157 	 0.95 	 0.883719804653678
158 	 1.05263 	 0.930229977972601
159 	 0.975 	 0.906974228523286
160 	 1 	 0.906974228523286
161 	 1 	 0.906974228523286
162 	 1 	 0.906974228523286
163 	 0.948718 	 0.860462776136155
164 	 0.972973 	 0.837207048685523
165 	 0.972222 	 0.813951111287137
166 	 0.971429 	 0.790695714086552
167 	 0.970588 	 0.767439771743838
168 	 1.0303 	 0.790693196827677
169 	 1.02941 	 0.813947483746379
170 	 1.05714 	 0.860456442967647
171 	 1 	 0.860456442967647
172 	 1 	 0.860456442967647
173 	 1 	 0.860456442967647
174 	 1.02703 	 0.883714580621062
175 	 0.973684 	 0.860458747717438
176 	 0.972973 	 0.837203129142879
177 	 1 	 0.837203129142879
178 	 1.02778 	 0.860460632070468
179 	 1 	 0.860460632070468
180 	 1.05405 	 0.906968529233877
181 	 1.10256 	 0.999987221592103
182 	 0.976744 	 0.976731518766757
183 	 1.02381 	 0.999987496228594
184 	 1.27907 	 1.27905400680111
185 	 0.945454 	 1.20928672694613
186 	 0.913462 	 1.10463747216967
187 	 0.989474 	 1.09301005813761
188 	 0.957447 	 1.04649920113368
189 	 0.955556 	 0.999988590638497
190 	 1 	 0.999988590638497
191 	 0.976744 	 0.976732855974608
192 	 1 	 0.976732855974608
193 	 1 	 0.976732855974608
194 	 1.04762 	 1.02324487457612
195 	 0.977273 	 0.999989588311627
196 	 1.02326 	 1.02324934613576
197 	 1.02273 	 1.04650780377342
198 	 1 	 1.04650780377342
199 	 1 	 1.04650780377342
200 	 0.977778 	 1.02325230735797
201 	 1.06818 	 1.09301764967363
202 	 1 	 1.09301764967363
203 	 1.02128 	 1.11627706525869
204 	 0.958333 	 1.06976514878056
205 	 0.98913 	 1.05813680161331
206 	 1 	 1.05813680161331
207 	 1.05495 	 1.11628141886196
208 	 1.16667 	 1.30233204294369
209 	 0.928571 	 1.20930776744826
210 	 1.01923 	 1.23256275581629
211 	 0.981132 	 1.20930676173955
212 	 1.09615 	 1.32558160688081
213 	 0.982456 	 1.30232560316969
214 	 0.928571 	 1.20930178766088
215 	 1.03846 	 1.25581153441432
216 	 1.03704 	 1.30232679364903
217 	 1.05357 	 1.3720924399848
218 	 1.01695 	 1.39534940684255
219 	 1 	 1.39534940684255
220 	 1 	 1.39534940684255
221 	 1.01667 	 1.41860988145461
222 	 1.11475 	 1.58139536535153
223 	 0.941176 	 1.48837136438009
224 	 0.953125 	 1.41860395667477
225 	 1 	 1.41860395667477
226 	 0.983607 	 1.395348782013
227 	 1.03333 	 1.4418557569175
228 	 1.01613 	 1.46511289027658
229 	 1 	 1.46511289027658
230 	 0.984127 	 1.44185715336922
231 	 0.967742 	 1.39534572531583
232 	 1 	 1.39534572531583
233 	 1 	 1.39534572531583
234 	 0.983333 	 1.37208949811199
235 	 1 	 1.37208949811199
236 	 0.983051 	 1.34883395320849
237 	 1 	 1.34883395320849
238 	 1.01724 	 1.37208785056181
239 	 1 	 1.37208785056181
240 	 0.949153 	 1.30232129962429
241 	 0.857143 	 1.11627558572386
242 	 1.10417 	 1.23255801348872
243 	 1 	 1.23255801348872
244 	 0.981132 	 1.20930210889021
245 	 1.01923 	 1.23255698844417
246 	 1.03774 	 1.27907368918806
247 	 1 	 1.27907368918806
248 	 1.05455 	 1.34884715893326
249 	 1 	 1.34884715893326
250 	 1.01724 	 1.37210128395327
251 	 0.932203 	 1.27907693320509
252 	 1.03636 	 1.32558417049643
253 	 0.947368 	 1.25581602443486
254 	 1 	 1.25581602443486
255 	 1.05556 	 1.32558916275246
256 	 0.964912 	 1.2790768902098
257 	 1 	 1.2790768902098
258 	 1 	 1.2790768902098
259 	 1.01818 	 1.30233050807382
260 	 1.01786 	 1.32559013094802
261 	 0.964912 	 1.27907782443331
262 	 0.981818 	 1.25582163142947
263 	 1.01852 	 1.27907944804354
264 	 1.10909 	 1.41861422503061
265 	 0.983607 	 1.39535888203968
266 	 0.983333 	 1.37210243555273
267 	 0.949153 	 1.30233514301218
268 	 1.03571 	 1.34884153096914
269 	 1.01724 	 1.37209555896305
270 	 1 	 1.37209555896305
271 	 0.983051 	 1.34883991133419
272 	 1 	 1.34883991133419
273 	 0.982759 	 1.32558456242287
274 	 1.01754 	 1.34883531564777
275 	 1 	 1.34883531564777
276 	 0.982759 	 1.32558004597069
277 	 1 	 1.32558004597069
278 	 1 	 1.32558004597069
279 	 1 	 1.32558004597069
280 	 1 	 1.32558004597069
281 	 1.03509 	 1.3720946497838
282 	 1.01695 	 1.39535165409763
283 	 0.983333 	 1.37209532807879
284 	 0.966102 	 1.32558404064757
285 	 1.08772 	 1.44186427269318
286 	 0.983871 	 1.41860844383891
287 	 0.983607 	 1.39535319561906
288 	 1 	 1.39535319561906
289 	 1 	 1.39535319561906
290 	 1.03333 	 1.44186031762904
291 	 1.03226 	 1.48837473147576
292 	 1.03125 	 1.53488644183437
293 	 1.0303 	 1.58139350102196
294 	 0.970588 	 1.5348815553699
295 	 0.984848 	 1.51162503004293
296 	 0.938462 	 1.41860264894415
297 	 0.967213 	 1.37209092389322
298 	 0.983051 	 1.34883535482415
299 	 1 	 1.34883535482415
300 	 1.01724 	 1.37208927634132
301 	 1 	 1.37208927634132
302 	 1.05085 	 1.44186001604328
303 	 0.983871 	 1.41860425584452
304 	 1.01639 	 1.44185517959781
305 	 0.983871 	 1.41859949740607
306 	 1 	 1.41859949740607
307 	 0.983607 	 1.3953443958451
308 	 0.983333 	 1.37208819079955
309 	 1.01695 	 1.3953450856336
310 	 1.05 	 1.46511233991528
311 	 0.984127 	 1.4418566117438
312 	 1.04839 	 1.51162805318609
313 	 1 	 1.51162805318609
314 	 1.04615 	 1.58138968784062
315 	 1 	 1.58138968784062
316 	 1.08824 	 1.72093151389568
317 	 1.16216 	 1.999997768189
318 	 0.953488 	 1.906973871995
319 	 0.987805 	 1.88371832562602
320 	 0.987654 	 1.86046193917784
321 	 0.9625 	 1.79069461645867
322 	 1 	 1.79069461645867
323 	 0.974026 	 1.74418311449077
324 	 0.986667 	 1.72092792102527
325 	 1 	 1.72092792102527
326 	 1.01351 	 1.74417765723832
327 	 1.02667 	 1.79069487535686
328 	 1 	 1.79069487535686
329 	 1 	 1.79069487535686
330 	 1 	 1.79069487535686
331 	 1 	 1.79069487535686
332 	 1.01299 	 1.81395600178775
333 	 1.07692 	 1.95348549744526
334 	 1.07143 	 2.09302296652778
335 	 1.12222 	 2.3488322334968
336 	 0.950495 	 2.23255329377755
337 	 0.989583 	 2.20929678611626
338 	 1 	 2.20929678611626
339 	 0.989474 	 2.1860417281456
340 	 0.957447 	 2.09301909448782
341 	 0.944444 	 1.97673932567446
342 	 1.01177 	 2.00000554753765
343 	 1.03488 	 2.06976574103576
344 	 1.05618 	 2.18604518036715
345 	 1 	 2.18604518036715
346 	 1.01064 	 2.20930470108626
347 	 1.01053 	 2.23256867958869
348 	 1.01042 	 2.25583204523001
349 	 0.979381 	 2.20931904428941
350 	 0.978947 	 2.16280625044999
351 	 1.03226 	 2.2325783800895
352 	 1.09375 	 2.44188260322289
353 	 1.01905 	 2.48840046681429
354 	 0.990654 	 2.46514387605144
355 	 0.943396 	 2.32560687209143
356 	 0.98 	 2.2790947346496
357 	 0.979592 	 2.23258296930487
358 	 1.07292 	 2.39538291942658
359 	 0.970874 	 2.32561499651536
360 	 0.98 	 2.27910269658506
361 	 1.02041 	 2.32561918262236
362 	 0.98 	 2.27910679896991
363 	 1.02041 	 2.32562336873689
364 	 0.97 	 2.25585466767478
365 	 1.01031 	 2.27911252929851
366 	 1.0102 	 2.30235947709735
367 	 1 	 2.30235947709735
368 	 1.0101 	 2.32561330781603
369 	 1.01 	 2.34886944089419
370 	 0.980198 	 2.30235712822561
371 	 1 	 2.30235712822561
372 	 0.979798 	 2.25584490952119
373 	 1 	 2.25584490952119
374 	 1 	 2.25584490952119
375 	 0.989691 	 2.23258940434894
376 	 1.03125 	 2.30235782323484
377 	 1 	 2.30235782323484
378 	 1.0202 	 2.34886545126419
379 	 1.0396 	 2.44188052313425
380 	 1.08571 	 2.65117410277209
381 	 1.16667 	 3.09304529048111
382 	 0.977444 	 3.02327856090902
383 	 1 	 3.02327856090902
384 	 1 	 3.02327856090902
385 	 0.946154 	 2.86048710351831
386 	 1.09756 	 3.13955622533756
387 	 0.933333 	 2.93025143046298
388 	 1.03175 	 3.02328691338018
389 	 1.11539 	 3.37214399031512
390 	 0.931034 	 3.13958070787905
391 	 1.02222 	 3.20934219120812
392 	 1.00725 	 3.23260992209438
393 	 1.01439 	 3.27912717887331
394 	 1.01418 	 3.32562520226974
395 	 1.00699 	 3.3488713224336
396 	 0.951389 	 3.18607933857878
397 	 0.992701 	 3.1628241454865
398 	 0.977941 	 3.09305540766121
399 	 0.969925 	 3.0000317662758
400 	 0.992248 	 2.97677552002363
401 	 1 	 2.97677552002363
402 	 1.00781 	 3.00002413683502
403 	 1.0155 	 3.04652451095596
404 	 1.01527 	 3.09304494023826
405 	 1.01504 	 3.13956433613944
406 	 1 	 3.13956433613944
407 	 1.00741 	 3.16282850787023
408 	 1 	 3.16282850787023
409 	 1.00735 	 3.18607529740308
410 	 0.992701 	 3.16282013380733
411 	 1.06618 	 3.3721355702627
412 	 0.993103 	 3.3488779512346
413 	 0.972222 	 3.25585281950521
414 	 1 	 3.25585281950521
415 	 1.10714 	 3.60468489058699
416 	 0.987097 	 3.55817364144375
417 	 0.993464 	 3.53491741852327
418 	 0.993421 	 3.51166119682681
419 	 0.993378 	 3.48840697638142
420 	 1 	 3.48840697638142
421 	 0.993333 	 3.46514976706989
422 	 1.03356 	 3.58144019325275
423 	 0.980519 	 3.511670156848
424 	 1 	 3.511670156848
425 	 0.993378 	 3.48841587706935
426 	 0.966667 	 3.37213651063899
427 	 0.986207 	 3.32562463174775
428 	 1.02098 	 3.39539623652182
429 	 0.993151 	 3.37214116769788
430 	 0.97931 	 3.30237156693821
431 	 1.02113 	 3.37215067814762
432 	 0.97931 	 3.30238088061674
433 	 1 	 3.30238088061674
434 	 0.950704 	 3.13958671272586
435 	 1.05926 	 3.32563862132199
436 	 0.979021 	 3.25587004868528
437 	 1.03571 	 3.37213716812383
438 	 0.97931 	 3.30236765011535
439 	 0.957747 	 3.16283270979503
440 	 0.992647 	 3.1395764008799
441 	 1 	 3.1395764008799
442 	 1 	 3.1395764008799
443 	 0.925926 	 2.90701541856113
444 	 1 	 2.90701541856113
445 	 1.04 	 3.02329603530357
446 	 0.992308 	 3.00004084220002
447 	 1 	 3.00004084220002
448 	 0.976744 	 2.93027189237381
449 	 1.05556 	 3.0930777987141
450 	 0.992481 	 3.06982094674557
451 	 0.992424 	 3.04656398325303
452 	 0.969466 	 2.95354019858838
453 	 1.06299 	 3.13958369569746
454 	 0.933333 	 2.9302770694564
455 	 0.992064 	 2.90702239063319
456 	 1.016 	 2.95353474888332
457 	 0.992126 	 2.93027861627061
458 	 1 	 2.93027861627061
459 	 1.00794 	 2.9535450284838
460 	 1.00787 	 2.97678942785797
461 	 1.09375 	 3.25586343671966
462 	 1.03571 	 3.37213032004491
463 	 1.0069 	 3.39539801925322
464 	 1.0274 	 3.48843192498076
465 	 0.986667 	 3.44192066212499
466 	 0.972973 	 3.34889587238974
467 	 1 	 3.34889587238974
468 	 1.02778 	 3.44192819972473
469 	 0.972973 	 3.34890320627077
470 	 1.00694 	 3.37214459452229
471 	 1.01379 	 3.41864646848075
472 	 1.0068 	 3.44189326446642
473 	 1 	 3.44189326446642
474 	 1 	 3.44189326446642
475 	 0.97973 	 3.37212608799568
476 	 1.0069 	 3.39539375800285
477 	 0.993151 	 3.37213870615429
478 	 0.993103 	 3.34888106549795
479 	 0.972222 	 3.25585584726054
480 	 0.971429 	 3.16283278984846
481 	 0.955882 	 3.02329493282593
482 	 1.01538 	 3.06979320889279
483 	 0.992424 	 3.04653645554222
484 	 1 	 3.04653645554222
485 	 0.992366 	 3.02327919624061
486 	 1 	 3.02327919624061
487 	 1.02308 	 3.09305648008984
488 	 1.02256 	 3.16283583428067
489 	 1 	 3.16283583428067
490 	 0.985294 	 3.11632317050174
491 	 0.970149 	 3.02329780753909
492 	 0.976923 	 2.95352916403451
493 	 1.06299 	 3.13957196607705
494 	 0.962963 	 3.02329163916945
495 	 0.969231 	 2.93026797872384
496 	 0.992064 	 2.90701337204469
497 	 1.024 	 2.97678169297376
498 	 0.976562 	 2.90701188365385
499 	 1.024 	 2.97678016886154
500 	 1.03906 	 3.09305320225727
501 	 1 	 3.09305320225727
502 	 1 	 3.09305320225727
503 	 0.977444 	 3.02328629422715
504 	 1.01538 	 3.06978443743237
505 	 0.984848 	 3.02327106363639
506 	 1.03846 	 3.13954606874385
507 	 1.00741 	 3.16281010511324
508 	 1.06618 	 3.37212487786963
509 	 0.951724 	 3.2093321772656
510 	 1.02174 	 3.27910305879935
511 	 1.03546 	 3.39538005326438
512 	 1.0137 	 3.4418967599941
513 	 0.959459 	 3.30235882344718
514 	 1.00704 	 3.32560742956425
515 	 0.986014 	 3.27909548405436
516 	 1 	 3.27909548405436
517 	 0.964539 	 3.16281547909431
518 	 1 	 3.16281547909431
519 	 0.977941 	 3.09304693244097
520 	 1.05263 	 3.25583399249534
521 	 1.01429 	 3.3023598602481
522 	 1.01408 	 3.34885708708039
523 	 1.04861 	 3.51164503008337
524 	 1.11258 	 3.90698602757015
525 	 0.970238 	 3.79070630941761
526 	 1.03068 	 3.90700517899054
527 	 0.940476 	 3.67444460271631
528 	 1.02532 	 3.76748154005709
529 	 1.01852 	 3.83725529817894
530 	 1.0303 	 3.95352413371376
531 	 1 	 3.95352413371376
532 	 1 	 3.95352413371376
533 	 1 	 3.95352413371376
534 	 1.05294 	 4.16282370135257
535 	 1.05587 	 4.39540066154714
536 	 1.06878 	 4.69771631904835
537 	 0.950495 	 4.46515587267386
538 	 1 	 4.46515587267386
539 	 1.04167 	 4.65121891788818
540 	 0.975 	 4.53493844494098
541 	 1.01538 	 4.60468579822417
542 	 0.99495 	 4.58143213494314
543 	 0.964467 	 4.4186401068922
544 	 1.00526 	 4.44188215385446
545 	 0.973822 	 4.32560256283085
546 	 1.01075 	 4.37210279038129
547 	 1.01064 	 4.41862196407094
548 	 1.01053 	 4.46515005335261
549 	 1.04167 	 4.65121285607581
550 	 1.025 	 4.76749317747771
551 	 0.960976 	 4.58144652371982
552 	 1.02538 	 4.69772363649183
553 	 0.970297 	 4.55818715131711
554 	 1 	 4.55818715131711
555 	 0.994898 	 4.53493128047109
556 	 1.01538 	 4.60467852356474
557 	 1.0303 	 4.74420028282875
558 	 1.02451 	 4.86048063176088
559 	 0.990431 	 4.81397069259556
560 	 0.995169 	 4.79071440017963
561 	 0.975728 	 4.67443418025847
562 	 0.995025 	 4.65117887021169
563 	 1 	 4.65117887021169
564 	 1 	 4.65117887021169
565 	 1.02 	 4.74420244761592
566 	 1 	 4.74420244761592
567 	 0.980392 	 4.65117812602307
568 	 0.99 	 4.60466634476284
569 	 0.959596 	 4.41861940576904
570 	 1 	 4.41861940576904
571 	 0.989474 	 4.37210901790391
572 	 0.994681 	 4.34885377003768
573 	 0.994652 	 4.32559610007552
574 	 1 	 4.32559610007552
575 	 1 	 4.32559610007552
576 	 0.994624 	 4.30234169544152
577 	 1 	 4.30234169544152
578 	 1.01622 	 4.37212567774158
579 	 0.989362 	 4.32561500478176
580 	 0.994624 	 4.30236049851605
581 	 1.02703 	 4.41865330279094
582 	 1.02632 	 4.5349522577204
583 	 1.05128 	 4.7675046094963
584 	 1.03902 	 4.95353263935885
585 	 0.985915 	 4.88376213213348
586 	 1.01429 	 4.95355109300166
587 	 1.00469 	 4.97678324762784
588 	 0.981308 	 4.88375721516318
589 	 0.995238 	 4.86050076330457
590 	 1 	 4.86050076330457
591 	 0.990431 	 4.81399063150051
592 	 0.971014 	 4.67445229905584
593 	 1.01493 	 4.74424187188074
594 	 0.995098 	 4.72098559822478
595 	 1.02463 	 4.83726347350906
596 	 1 	 4.83726347350906
597 	 0.995192 	 4.81400591072843
598 	 0.995169 	 4.7907494481737
599 	 0.990291 	 4.74423606178138
600 	 0.995098 	 4.72097981660653
601 	 0.990148 	 4.67446872345332
602 	 1 	 4.67446872345332
603 	 1.00995 	 4.72097968725168
604 	 0.990148 	 4.67446859537288
605 	 0.995025 	 4.6512131141109
606 	 1 	 4.6512131141109
607 	 1 	 4.6512131141109
608 	 1.005 	 4.67446917968145
609 	 1 	 4.67446917968145
610 	 0.995025 	 4.65121369551254
611 	 0.99 	 4.60470155855741
612 	 1.0101 	 4.65120904429884
613 	 1 	 4.65120904429884
614 	 1 	 4.65120904429884
615 	 1 	 4.65120904429884
616 	 1 	 4.65120904429884
617 	 1.005 	 4.67446508952034
618 	 1.00497 	 4.69769718101525
619 	 1 	 4.69769718101525
620 	 1.0297 	 4.8372187872914
621 	 1.02885 	 4.97677254930476
622 	 0.948598 	 4.7209564867254
623 	 1.0197 	 4.81395932951389
624 	 0.995169 	 4.79070309199301
625 	 1.00971 	 4.83722081901626
626 	 0.985577 	 4.76745358314359
627 	 1.00976 	 4.81398393011507
628 	 0.990338 	 4.7674712173823
629 	 1.01951 	 4.86048458083343
630 	 1.00957 	 4.906999418272
631 	 0.957346 	 4.69769626508503
632 	 1.01485 	 4.76745705462154
633 	 0.995122 	 4.7442013991091
634 	 0.980392 	 4.65117709807537
635 	 1 	 4.65117709807537
636 	 1 	 4.65117709807537
637 	 0.975 	 4.53489767062348
638 	 1.02564 	 4.65117244689827
639 	 0.98 	 4.5581489979603
640 	 0.994898 	 4.53489332177271
641 	 1 	 4.53489332177271
642 	 0.989744 	 4.48838345586461
643 	 1.01554 	 4.55813293476875
644 	 1.0051 	 4.58137941273607
645 	 1.01523 	 4.65115382119204
646 	 0.98 	 4.5581307447682
647 	 1.0102 	 4.60462367836483
648 	 1.01515 	 4.67438372709206
649 	 1.0199 	 4.76740396326119
650 	 1 	 4.76740396326119
651 	 0.97561 	 4.65112698059725
652 	 1.01 	 4.69763825040322
653 	 0.990099 	 4.65112693408598
654 	 0.99 	 4.60461566474512
655 	 1.0101 	 4.65112228295905
656 	 0.99 	 4.60461106012946
657 	 1.00505 	 4.62786434598311
658 	 1 	 4.62786434598311
659 	 0.98995 	 4.58135430930598
660 	 1.00508 	 4.60462758919726
661 	 1.0101 	 4.65113432784815
662 	 1 	 4.65113432784815
663 	 1 	 4.65113432784815
664 	 0.995 	 4.62787865620891
665 	 1 	 4.62787865620891
666 	 1 	 4.62787865620891
667 	 1 	 4.62787865620891
668 	 0.994975 	 4.60462356596146
669 	 0.989899 	 4.55811226332168
670 	 1.0051 	 4.58135863586462
671 	 0.979695 	 4.48833414876339
672 	 1.01036 	 4.53483329054458
673 	 1 	 4.53483329054458
674 	 1.00513 	 4.55809698532507
675 	 0.994898 	 4.53484157450594
676 	 1 	 4.53484157450594
677 	 0.994872 	 4.51158690691188
678 	 0.984536 	 4.44181972698339
679 	 1.00524 	 4.46509486235279
680 	 1 	 4.46509486235279
681 	 0.994792 	 4.44184064830965
682 	 1.00524 	 4.46511589330679
683 	 1 	 4.46511589330679
684 	 1 	 4.46511589330679
685 	 1 	 4.46511589330679
686 	 1.00521 	 4.48837914711092
687 	 1 	 4.48837914711092
688 	 1 	 4.48837914711092
689 	 1.01036 	 4.53487875507499
690 	 1.02051 	 4.62788911834158
691 	 1.00503 	 4.65116740060684
692 	 0.98 	 4.5581440525947
693 	 1.0051 	 4.58139058726294
694 	 0.994924 	 4.55813544864199
695 	 1 	 4.55813544864199
696 	 1 	 4.55813544864199
697 	 1.0102 	 4.60462843021814
698 	 0.99495 	 4.58137505664553
699 	 0.989848 	 4.53486493707047
700 	 1.01026 	 4.58139265132481
701 	 1 	 4.58139265132481
702 	 0.979695 	 4.48836747353966
703 	 0.958549 	 4.30232015339397
704 	 1 	 4.30232015339397
705 	 1.01622 	 4.37210378628202
706 	 1.00532 	 4.39536337842504
707 	 0.984127 	 4.3255957755193
708 	 0.973118 	 4.20931510988179
709 	 0.972376 	 4.09303698928641
710 	 0.982955 	 4.02327117380403
711 	 1.00578 	 4.04652568118861
712 	 1.05747 	 4.27907951208652
713 	 1.03804 	 4.44185569672629
714 	 1.04712 	 4.65115593715604
715 	 1.05 	 4.88371373401384
716 	 1.02381 	 4.99999495802071
717 	 1.11628 	 5.58139437173936
718 	 0.991667 	 5.53488461243965
719 	 1.0042 	 5.5581311278119
720 	 0.987448 	 5.4883654658956
721 	 0.957627 	 5.25580695600921
722 	 1.01327 	 5.32555151431545
723 	 1.00437 	 5.34882417443301
724 	 0.991304 	 5.30231079941214
725 	 0.97807 	 5.18603112358103
726 	 0.986547 	 5.1162634468755
727 	 1 	 5.1162634468755
728 	 1.03636 	 5.30229078580389
729 	 1.0307 	 5.46507111292807
730 	 1.01702 	 5.5580866232701
731 	 0.983263 	 5.46506092745643
732 	 0.974468 	 5.32552699185662
733 	 0.951965 	 5.06971530280278
734 	 1.02294 	 5.18601457184908
735 	 1.00897 	 5.23253312255856
736 	 1.00889 	 5.27905034201811
737 	 0.960352 	 5.06974655405778
738 	 1.01835 	 5.16277640332474
739 	 0.986486 	 5.09300664301021
740 	 0.995434 	 5.06975197467822
741 	 0.995413 	 5.04649702237037
742 	 1 	 5.04649702237037
743 	 0.995392 	 5.02324276409129
744 	 0.99537 	 4.99998515009355
745 	 1.00465 	 5.02323508104148
746 	 1.00463 	 5.0464926594667
747 	 0.990783 	 4.9999791366244
748 	 1.01395 	 5.06972884558031
749 	 1.00917 	 5.11621825909428
750 	 1 	 5.11621825909428
751 	 1.02273 	 5.23250990012349
752 	 1.06667 	 5.58136133516473
753 	 0.966667 	 5.39531781777968
754 	 0.982759 	 5.30229714328334
755 	 1 	 5.30229714328334
756 	 1.0307 	 5.46507766558214
757 	 1 	 5.46507766558214
758 	 1.01277 	 5.53486670737162
759 	 1.0084 	 5.58135958771355
760 	 1.00833 	 5.6278523130792
761 	 1.07851 	 6.06969499817905
762 	 1.01149 	 6.13943579370812
763 	 1.06061 	 6.51154699716477
764 	 1.05357 	 6.86037056980289
765 	 0.969491 	 6.65106752408877
766 	 1.00699 	 6.69755848608216
767 	 1.00694 	 6.74403954197557
768 	 1 	 6.74403954197557
769 	 0.996552 	 6.72078609363483
770 	 0.99654 	 6.69753217375086
771 	 1.00694 	 6.74401304703669
772 	 0.996552 	 6.7207596900505
773 	 0.968858 	 6.51146179178295
774 	 1 	 6.51146179178295
775 	 1 	 6.51146179178295
776 	 0.992857 	 6.46495042020425
777 	 0.989209 	 6.39518714021982
778 	 0.981818 	 6.27890984763635
779 	 1.01852 	 6.39519525801457
780 	 1.02546 	 6.55801692928362
781 	 1.01773 	 6.67429056943982
782 	 1.06969 	 7.13942187922408
783 	 1.00977 	 7.2091740309841
784 	 1.01613 	 7.32545800810388
785 	 0.993651 	 7.27894867521043
786 	 1.00639 	 7.32546115724502
787 	 0.984127 	 7.20918411229607
788 	 1.00968 	 7.27896901450309
789 	 1.01597 	 7.39521414966471
790 	 1.00314 	 7.41843512209465
791 	 1.02508 	 7.60448947495679
792 	 1 	 7.60448947495679
793 	 1.00917 	 7.67422264344214
794 	 1.01515 	 7.79048711649029
795 	 0.958209 	 7.46491486940504
796 	 0.984424 	 7.34864135539919
797 	 1.02215 	 7.51141376142128
798 	 0.996904 	 7.48815842441592
799 	 0.987578 	 7.39514052046783
800 	 1.01887 	 7.53468682208905
801 	 1.01852 	 7.67422922203414
802 	 1 	 7.67422922203414
803 	 0.993939 	 7.62771571871939
804 	 1.03659 	 7.90681383686734
805 	 0.970588 	 7.67425862829739
806 	 0.969697 	 7.4417055690841
807 	 1 	 7.4417055690841
808 	 0.975 	 7.255662929857
809 	 1.00641 	 7.30217172923738
810 	 0.914013 	 6.67427988875544
811 	 1.0453 	 6.97662476771607
812 	 1 	 6.97662476771607
813 	 0.983333 	 6.86034536271254
814 	 1.01356 	 6.95337164583092
815 	 0.986622 	 6.860349439953
816 	 0.966102 	 6.62779731463747
817 	 0.985965 	 6.53477617932653
818 	 1.04982 	 6.86033872858058
819 	 0.986441 	 6.76731939575976
820 	 0.955326 	 6.46499616907359
821 	 1.01079 	 6.53475347773789
822 	 1.04982 	 6.86031489599879
823 	 0.966102 	 6.62776394165423
824 	 1.00702 	 6.67429084452464
825 	 1.02788 	 6.86037007326999
826 	 1 	 6.86037007326999
827 	 0.98983 	 6.79060010962483
828 	 1 	 6.79060010962483
829 	 0.993151 	 6.74409128947401
830 	 1.0069 	 6.79062551937138
831 	 1.01027 	 6.86036524345532
832 	 1.01017 	 6.93013515798127
833 	 1 	 6.93013515798127
834 	 1.02013 	 7.06963877871143
835 	 1.03618 	 7.32541830972521
836 	 0.955555 	 6.99984009294947
837 	 1.01993 	 7.13934690600195
838 	 1.00977 	 7.20909832527359
839 	 0.993548 	 7.16258522287893
840 	 0.996753 	 7.13932830866024
841 	 1.00977 	 7.20907954623585
842 	 1.00968 	 7.27886343624341
843 	 0.977636 	 7.11607893435527
844 	 1 	 7.11607893435527
845 	 1.00327 	 7.13934851247061
846 	 1.00977 	 7.20909994743745
847 	 0.967742 	 6.97654880133301
848 	 0.99 	 6.90678331331968
849 	 1.01347 	 6.9998176845501
850 	 1.01329 	 7.09284526157777
851 	 0.983607 	 6.97657224920472
852 	 1.00667 	 7.02310598610692
853 	 1.00993 	 7.09284542854896
854 	 1.01639 	 7.20909716512288
855 	 0.990323 	 7.13933473185598
856 	 0.993485 	 7.09282196607794
857 	 1.00984 	 7.16261533422415
858 	 0.99026 	 7.0928514608688
859 	 0.983607 	 6.97657834687078
860 	 1.05 	 7.32540726421432
861 	 1 	 7.32540726421432
862 	 1 	 7.32540726421432
863 	 1 	 7.32540726421432
864 	 0.996825 	 7.30214909615044
865 	 0.993631 	 7.25564170855706
866 	 0.99359 	 7.20913304520521
867 	 0.983871 	 7.09285693831909
868 	 0.970492 	 6.88356091578317
869 	 1.01351 	 6.9765578237554
870 	 1.02333 	 7.13932091778362
871 	 1.00652 	 7.18586929016757
872 	 1.00324 	 7.20915150666771
873 	 0.990323 	 7.13938854753769
874 	 1.02606 	 7.32544101308652
875 	 1.01587 	 7.4416957619642
876 	 1.04062 	 7.74397744381519
877 	 0.993994 	 7.69746711528764
878 	 0.990937 	 7.62770497082178
879 	 0.981707 	 7.48817136379054
880 	 1.00932 	 7.55796112090107
881 	 1.07692 	 8.13931949032078
882 	 1.01143 	 8.23235191209515
883 	 1.03107 	 8.48813108600394
884 	 0.983562 	 8.34860318721221
885 	 0.988858 	 8.25558305050029
886 	 1 	 8.25558305050029
887 	 0.985915 	 8.139303163234
888 	 0.968571 	 7.88349300411671
889 	 1.0177 	 8.02303083028958
890 	 1.01449 	 8.13928454702048
891 	 0.985714 	 8.02300672798174
892 	 1.02609 	 8.23232697351478
893 	 1.01695 	 8.37186491571586
894 	 1.05556 	 8.83700573043303
895 	 0.986842 	 8.720728409032
896 	 0.986667 	 8.60445493715437
897 	 0.997297 	 8.58119709545924
898 	 0.98374 	 8.44166683068707
899 	 1.01928 	 8.60442216718272
900 	 1 	 8.60442216718272
901 	 0.986486 	 8.48814200601541
902 	 1.0137 	 8.60442955149782
903 	 1.00541 	 8.65097951537143
904 	 1 	 8.65097951537143
905 	 0.989247 	 8.55795553264264
906 	 1.01359 	 8.67425814833125
907 	 0.989276 	 8.58123540394855
908 	 0.96748 	 8.30217362861214
909 	 0.980392 	 8.13938460810231
910 	 1.03143 	 8.39520546633497
911 	 0.975069 	 8.18590459885377
912 	 0.980114 	 8.02311970000097
913 	 0.971014 	 7.79056155237674
914 	 0.955224 	 7.44173136830752
915 	 0.99375 	 7.3952205472556
916 	 0.946541 	 6.99987945201986
917 	 1.00332 	 7.02311905180057
918 	 1.04636 	 7.34871085104204
919 	 1.01899 	 7.48826287010333
920 	 0.996894 	 7.46500432562879
921 	 1 	 7.46500432562879
922 	 1.01869 	 7.60452525647479
923 	 1.00917 	 7.67425875307666
924 	 0.984848 	 7.55797838445004
925 	 1.01538 	 7.67422009200289
926 	 1.0303 	 7.90674896079057
927 	 1.01471 	 8.0230572380038
928 	 0.97971 	 7.86026940664471
929 	 0.976331 	 7.67422469005883
930 	 1.00606 	 7.72073049168059
931 	 1.06024 	 8.18582729649943
932 	 1 	 8.18582729649943
933 	 1 	 8.18582729649943
934 	 1 	 8.18582729649943
935 	 1.01421 	 8.30214790238268
936 	 1.01681 	 8.44170700862174
937 	 1.05234 	 8.883545953453
938 	 1.09424 	 9.72073132410641
939 	 1.00718 	 9.7905261750135
940 	 1 	 9.7905261750135
941 	 0.990499 	 9.69750638582469
942 	 1.02638 	 9.95332660428275
943 	 1.00467 	 9.99980863952475
944 	 1.00233 	 10.0231081936548
945 	 1.02088 	 10.2323906927384
946 	 0.984091 	 10.0696035892076
947 	 0.946882 	 9.53472638575605
948 	 1.03659 	 9.88360202421087
949 	 1.01882 	 10.0696114143065
950 	 0.993072 	 9.9998491464282
951 	 0.988372 	 9.88357090055353
952 	 1.03059 	 10.1859093344015
953 	 1 	 10.1859093344015
954 	 1.0274 	 10.4650032501641
955 	 0.988889 	 10.3487265990515
956 	 0.975281 	 10.0929164262495
957 	 0.979263 	 9.8836196183184
958 	 1.01882 	 10.0696293395352
959 	 1.06236 	 10.6975714251486
960 	 0.98913 	 10.5812888237572
961 	 1.0989 	 11.6277782884268
962 	 0.88 	 10.2324448938156
963 	 1.13409 	 11.6045134296273
964 	 0.963928 	 11.1859154211938
965 	 1 	 11.1859154211938
966 	 1.02703 	 11.4882707150287
967 	 1 	 11.4882707150287
968 	 0.991903 	 11.3952501870491
969 	 0.991837 	 11.3022307597722
970 	 1.01852 	 11.5115480734432
971 	 1 	 11.5115480734432
972 	 0.987879 	 11.372016599245
973 	 0.99182 	 11.2789935034631
974 	 0.969072 	 10.930156792388
975 	 1.04255 	 11.3952349639041
976 	 0.979592 	 11.1626810087608
977 	 1.01042 	 11.2789961448721
978 	 1.00619 	 11.3488131310088
979 	 1.01844 	 11.5580852451446
980 	 1.07646 	 12.4418164429884
981 	 0.990654 	 12.3255352265122
982 	 1.0283 	 12.6743478734225
983 	 1.00917 	 12.7905716434218
984 	 0.945455 	 12.0929099131314
985 	 0.971154 	 11.7440778337772
986 	 1.0198 	 11.976610574886
987 	 1.05825 	 12.6742481408731
988 	 0.972477 	 12.3254148092918
989 	 0.981132 	 12.0928588826701
990 	 0.990385 	 11.9765860445132
991 	 1.03883 	 12.4416368806217
992 	 0.990654 	 12.3253573423354
993 	 0.971698 	 11.9765250788326
994 	 0.990291 	 11.8602449968422
995 	 1.0098 	 11.9764753978113
996 	 1.02913 	 12.3253501261495
997 	 0.971698 	 11.9765180668792
998 	 1 	 11.9765180668792
999 	 1.02913 	 12.3253940381674
1000 	 0.971698 	 11.9765607360992
1001 	 0.980583 	 11.7440118562864
1002 	 1 	 11.7440118562864
1003 	 0.990099 	 11.6277343948973
1004 	 1.01 	 11.7440117388463
1005 	 1 	 11.7440117388463
1006 	 1 	 11.7440117388463
1007 	 1.0396 	 12.2090746037046
1008 	 1 	 12.2090746037046
1009 	 0.980952 	 11.9765161506532
1010 	 0.980583 	 11.743968136556
1011 	 1 	 11.743968136556
1012 	 1 	 11.743968136556
1013 	 0.990099 	 11.6276911080359
1014 	 0.96 	 11.1625834637145
1015 	 1.01042 	 11.2788975834064
1016 	 1.02062 	 11.5114684515762
1017 	 0.969697 	 11.1626364230881
1018 	 1.02917 	 11.4882505275496
1019 	 1.00202 	 11.5114567936153
1020 	 1.0202 	 11.7439882208463
1021 	 0.980198 	 11.5114337660971
1022 	 0.989899 	 11.3951567736257
1023 	 1 	 11.3951567736257
1024 	 0.969388 	 11.0463282344715
1025 	 0.978947 	 10.8137698861512
1026 	 1 	 10.8137698861512
1027 	 1 	 10.8137698861512
1028 	 1.01075 	 10.9300179124273
1029 	 1.02128 	 11.1626086936038
1030 	 1.00625 	 11.2323749979388
1031 	 1.02485 	 11.5114995166376
1032 	 0.979798 	 11.2789442034024
1033 	 1.0268 	 11.5812199080536
1034 	 0.983936 	 11.3951791914507
1035 	 1.02041 	 11.6277547987482
1036 	 0.97 	 11.2789221547857
1037 	 0.969072 	 10.9300876503825
1038 	 0.989362 	 10.8138133779577
1039 	 1.01075 	 10.9300618717708
1040 	 1.02128 	 11.1626535884021
1041 	 1.07292 	 11.9766342880683
1042 	 1.01942 	 12.2092205259426
1043 	 0.952381 	 11.6278296537178
1044 	 0.96 	 11.1627164675691
1045 	 0.979167 	 10.9301635954002
1046 	 1.01489 	 11.0929137313357
1047 	 1 	 11.0929137313357
1048 	 0.985325 	 10.9301252223284
1049 	 1.00213 	 10.9534063890519
1050 	 1 	 10.9534063890519
1051 	 0.991507 	 10.8603791085897
1052 	 1.00428 	 10.9068615311745
1053 	 1.0064 	 10.976665444974
1054 	 0.974576 	 10.697594702701
1055 	 1.03261 	 11.046443265956
1056 	 0.993684 	 10.9766739302883
1057 	 1.00636 	 11.0464855764849
1058 	 1.03158 	 11.3953335909903
1059 	 0.977551 	 11.1395197472061
1060 	 0.97286 	 10.837193181267
1061 	 0.993562 	 10.767423331566
1062 	 0.965443 	 10.395333483497
1063 	 1.02908 	 10.6976297811971
1064 	 1.0413 	 11.1394418911606
1065 	 1.00209 	 11.1627233247131
1066 	 1.02083 	 11.3952428515669
1067 	 1.0102 	 11.5114743286529
1068 	 1.0101 	 11.6277402193723
1069 	 1 	 11.6277402193723
1070 	 0.976 	 11.3486744541073
1071 	 0.997951 	 11.3254210201509
1072 	 0.977413 	 11.0696137355687
1073 	 1.02941 	 11.3951710755318
1074 	 0.973469 	 11.0928457917268
1075 	 0.974843 	 10.8137830701444
1076 	 1.02151 	 11.0463875439832
1077 	 0.989474 	 10.9301132686952
1078 	 0.989362 	 10.8138387237428
1079 	 0.997849 	 10.7905781566481
1080 	 0.99569 	 10.7440707647929
1081 	 0.989178 	 10.6277984309763
1082 	 1.00219 	 10.6510733095402
1083 	 0.99345 	 10.5813087793627
1084 	 1.0044 	 10.6278665379919
1085 	 1.01094 	 10.7441353979175
1086 	 0.995671 	 10.6976240357799
1087 	 0.978261 	 10.4650683868661
1088 	 0.971111 	 10.1627430262379
1089 	 0.983982 	 9.99995620844363
1090 	 0.967442 	 9.67437763420913
1091 	 1 	 9.67437763420913
1092 	 1.01683 	 9.83719740979287
1093 	 1.04492 	 10.2790843174408
1094 	 1.00452 	 10.3255457785556
1095 	 0.988739 	 10.2092698075433
1096 	 0.986333 	 10.0697397170836
1097 	 0.981524 	 9.88369120607075
1098 	 0.985882 	 9.74415325362344
1099 	 0.97136 	 9.46508070443967
1100 	 0.997543 	 9.44182500114886
1101 	 1.07143 	 10.1162545609809
1102 	 0.997701 	 10.0929972917452
1103 	 1.00922 	 10.1860547267751
1104 	 1 	 10.1860547267751
1105 	 0.977169 	 9.95349691130811
1106 	 0.981308 	 9.76744614704194
1107 	 1 	 9.76744614704194
1108 	 0.997619 	 9.74418985776583
1109 	 0.97852 	 9.53488465962102
1110 	 0.997561 	 9.51162907593621
1111 	 1.00734 	 9.58144443335358
1112 	 1.00728 	 9.65119734882839
1113 	 1 	 9.65119734882839
1114 	 1 	 9.65119734882839
1115 	 0.992771 	 9.58142884319371
1116 	 0.98301 	 9.41864036714785
1117 	 1.00494 	 9.46516845056156
1118 	 0.995086 	 9.4186566127955
1119 	 0.987654 	 9.30237387825393
1120 	 0.96 	 8.93027892312377
1121 	 0.932292 	 8.32562759779691
1122 	 0.949721 	 7.90702336780728
1123 	 1.02059 	 8.06982897895043
1124 	 1.10663 	 8.93031484297592
1125 	 0.989583 	 8.83728775325664
1126 	 0.973684 	 8.60472568874193
1127 	 0.972973 	 8.37216576755231
1128 	 0.963889 	 8.06983848952023
1129 	 1.00288 	 8.09307962437004
1130 	 1.03448 	 8.37212900981832
1131 	 1.01389 	 8.4884178817647
1132 	 1.0137 	 8.60470920674488
1133 	 1.00541 	 8.65126068355337
1134 	 1.01882 	 8.81407740961784
1135 	 0.963061 	 8.48849420418397
1136 	 1.03288 	 8.76759589361754
1137 	 0.994695 	 8.72108379740189
1138 	 1.016 	 8.86062113816032
1139 	 1.03675 	 9.18624896498772
1140 	 0.992405 	 9.11647940409864
1141 	 1.02806 	 9.37228781617764
1142 	 1.00496 	 9.41877436374588
1143 	 0.987654 	 9.30249017545108
1144 	 1.0025 	 9.32574640088971
1145 	 0.997506 	 9.30248798936589
1146 	 1 	 9.30248798936589
1147 	 0.9875 	 9.18620688949881
1148 	 1 	 9.18620688949881
1149 	 0.987342 	 9.06992788269154
1150 	 1.02051 	 9.25595210356554
1151 	 0.969849 	 8.97687589169094
1152 	 0.958549 	 8.60477540910446
1153 	 1.02432 	 8.81404354705387
1154 	 0.978892 	 8.62799671586266
1155 	 1.01078 	 8.72100652045966
1156 	 0.941333 	 8.20937123092385
1157 	 0.94051 	 7.72099573639619
1158 	 1.03916 	 8.02334992943347
1159 	 0.956522 	 7.67451072120156
1160 	 0.975758 	 7.48846523229819
1161 	 0.931677 	 6.97683082223188
1162 	 1.08333 	 7.55821013464846
1163 	 0.984615 	 7.4419270717269
1164 	 0.984375 	 7.32564696123116
1165 	 0.952381 	 6.9768069785843
1166 	 1 	 6.9768069785843
1167 	 1.01667 	 7.0931103509173
1168 	 1.00328 	 7.11637575286831
1169 	 1 	 7.11637575286831
1170 	 0.973856 	 6.93032522518532
1171 	 1.00671 	 6.97682770744631
1172 	 0.976667 	 6.81403738654847
1173 	 0.921502 	 6.27914907977918
1174 	 0.944444 	 5.93030467350297
1175 	 0.94902 	 5.62797774124779
1176 	 0.991736 	 5.58146813319412
1177 	 1 	 5.58146813319412
1178 	 0.979167 	 5.46518940757529
1179 	 1.02128 	 5.58148863816849
1180 	 1.17917 	 6.58152395746914
1181 	 0.957597 	 6.30244759710057
1182 	 0.885609 	 5.58150431402064
1183 	 1.02083 	 5.69776704888169
1184 	 1.02857 	 5.86055225346824
1185 	 1.01191 	 5.93035143080705
1186 	 0.980392 	 5.81406909995178
1187 	 0.98 	 5.69778771795275
1188 	 1.02041 	 5.81407956527616
1189 	 0.996 	 5.79082324701506
1190 	 0.963855 	 5.5815139407517
1191 	 1.04167 	 5.81409562666282
1192 	 1.004 	 5.83735200916948
1193 	 1.04781 	 6.11643580872787
1194 	 0.95057 	 5.81410038670245
1195 	 0.96 	 5.58153637123435
1196 	 0.9375 	 5.2326903480322
1197 	 1.02222 	 5.34896072756548
1198 	 0.982609 	 5.25593695155239
1199 	 0.929204 	 4.88383763913029
1200 	 1 	 4.88383763913029
1201 	 0.980952 	 4.79081029978013
1202 	 0.970874 	 4.65127315898874
1203 	 0.99 	 4.60476042739885
1204 	 0.929293 	 4.27917163185876
1205 	 1.08696 	 4.6512883969652
1206 	 1 	 4.6512883969652
1207 	 1.15 	 5.34898165650997
1208 	 1.12609 	 6.02343475357932
1209 	 1.08108 	 6.51181484339953
1210 	 1 	 6.51181484339953
1211 	 0.910714 	 5.93040094329176
1212 	 0.980392 	 5.81411764159569
1213 	 0.988 	 5.74434822989654
1214 	 1.01215 	 5.81414206088979
1215 	 0.988 	 5.74437235615911
1216 	 1.05263 	 6.04669867326376
1217 	 1.01923 	 6.16297668875063
1218 	 1.06792 	 6.58156606545057
1219 	 0.989399 	 6.51179488359073
1220 	 1.01429 	 6.60484843247724
1221 	 1.02113 	 6.74440887985548
1222 	 1.14138 	 7.69793340728945
1223 	 0.903323 	 6.95372029927293
1224 	 0.983278 	 6.83744018842849
1225 	 1.0102 	 6.90718207835046
1226 	 0.993266 	 6.86066911423485
1227 	 0.983051 	 6.74438763341768
1228 	 1.03448 	 6.97693411901792
1229 	 0.95 	 6.62808741306703
1230 	 1.05263 	 6.97692365361674
1231 	 0.983333 	 6.86063926708191
1232 	 0.983051 	 6.74435829214414
1233 	 0.955172 	 6.4420221986239
1234 	 0.963899 	 6.20945875523138
1235 	 1.00375 	 6.2327442255635
1236 	 1.01866 	 6.34904723281251
1237 	 1 	 6.34904723281251
1238 	 0.978022 	 6.20950787272976
1239 	 1.0412 	 6.46533959708623
1240 	 1.00719 	 6.51182538878928
1241 	 1.00357 	 6.53507260542725
1242 	 0.989324 	 6.46530417029171
1243 	 1.00719 	 6.51178970727611
1244 	 1 	 6.51178970727611
1245 	 1.03571 	 6.74432571772294
1246 	 0.955172 	 6.44199108444886
1247 	 0.981949 	 6.32570670338347
1248 	 0.974265 	 6.1629146413719
1249 	 1.01132 	 6.23267883511223
1250 	 1.03358 	 6.44197219039529
1251 	 0.99278 	 6.39546115118064
1252 	 0.996364 	 6.37220725443495
1253 	 0.992701 	 6.32569651368483
1254 	 0.985294 	 6.23267082075458
1255 	 0.985075 	 6.13964820875482
1256 	 0.992424 	 6.09313423392529
1257 	 0.973282 	 5.93033787346327
1258 	 1.03922 	 6.1629257248605
1259 	 1.01887 	 6.27922013328862
BEST(tc= 0  ,Final return:  6.27922013328862
------------------
